1
2
58
107
156
205
254
303
352
401
5
6
10
11
60
61
65
109
110
114
158
159
163
207
208
212
256
257
261
305
306
310
354
355
359
403
404
408
482
483
555
556
628
629
701
702
774
775
847
848
920
921
3
4
59
108
157
206
255
304
353
402
0
14
15
57
67
68
106
116
117
155
165
166
204
214
215
253
263
264
302
312
313
351
361
362
400
410
411
481
487
488
554
560
561
627
633
634
700
706
707
773
779
780
846
852
853
919
925
926
993
12
13
66
115
164
213
262
311
360
409
7
405
161
259
357
8
112
210
308
63
484
62
557
111
160
630
209
703
258
776
849
307
356
922
704
485
777
558
850
406
631
923
995
996
1000
1074
1075
1147
1148
1220
1221
1293
1294
1366
1367
1439
1440
1512
1513
994
16
412
70
168
266
364
17
119
217
315
69
489
562
118
167
635
708
216
265
781
854
314
363
927
928
709
490
782
563
855
636
413
9
64
113
162
211
260
309
358
705
486
778
559
851
407
632
924
19
72
121
170
219
268
317
366
415
492
565
638
711
784
857
930
992
1002
1003
1073
1079
1080
1146
1152
1153
1219
1225
1226
1292
1298
1299
1365
1371
1372
1438
1444
1445
1511
1517
1518
1585
997
1001
1076
1149
1222
1295
1368
1441
1514
1442
998
1223
1515
1296
1077
1369
1150
18
71
120
169
218
267
316
365
710
491
783
564
856
414
637
929
20
73
122
171
220
269
318
367
416
493
566
639
712
785
858
931
1587
1588
1592
1666
1667
1739
1740
1812
1813
1885
1886
1958
1959
2031
2032
2104
2105
1004
1081
1154
1227
1300
1373
1446
1519
1586
1155
1447
1228
1005
1520
1301
1082
1374
1443
999
1224
1516
1297
1078
1370
1151
21
74
123
172
221
270
319
368
713
494
786
567
859
417
640
932
26
79
128
177
226
275
324
373
422
499
572
645
718
791
864
937
1007
1084
1157
1230
1303
1376
1449
1522
1584
1594
1595
1665
1671
1672
1738
1744
1745
1811
1817
1818
1884
1890
1891
1957
1963
1964
2030
2036
2037
2103
2109
2110
2177
1589
1593
1668
1741
1814
1887
1960
2033
2106
1888
1669
1961
1742
2034
1590
1815
2107
1448
1006
1229
1521
1302
1083
1375
1156
22
75
124
173
222
271
320
369
714
495
787
568
860
418
641
933
23
24
28
76
77
81
125
126
130
174
175
179
223
224
228
272
273
277
321
322
326
370
371
375
419
420
424
496
497
501
569
570
574
642
643
647
715
716
720
788
789
793
861
862
866
934
935
939
1008
1085
1158
1231
1304
1377
1450
1523
2179
2180
2184
2258
2259
2331
2332
2404
2405
2477
2478
2550
2551
2623
2624
2696
2697
1596
1673
1746
1819
1892
1965
2038
2111
2178
2112
1893
1674
1966
1747
2039
1820
1597
1889
1670
1962
1743
2035
1591
1816
2108
1451
1009
1232
1524
1305
1086
1378
1159
27
80
129
178
227
276
325
374
719
500
792
573
865
423
646
938
36
37
46
89
138
187
236
285
334
383
431
448
449
458
508
525
581
598
654
671
727
744
800
817
873
890
946
963
1014
1091
1164
1237
1310
1383
1456
1529
1599
1676
1749
1822
1895
1968
2041
2114
2176
2186
2187
2257
2263
2264
2330
2336
2337
2403
2409
2410
2476
2482
2483
2549
2555
2556
2622
2628
2629
2695
2701
2702
2769
25
78
127
176
225
274
323
372
421
498
571
644
717
790
863
936
2181
2185
2260
2333
2406
2479
2552
2625
2698
2626
2182
2407
2699
2480
2261
2553
2334
1894
1675
1967
1748
2040
1598
1821
2113
1452
1010
1233
1525
1306
1087
1379
1160
29
82
131
180
229
278
327
376
721
502
794
575
867
425
648
940
30
40
41
48
49
83
91
92
97
98
132
140
141
146
147
181
189
190
195
196
230
238
239
244
245
279
287
288
293
294
328
336
337
342
343
377
385
386
391
392
426
433
437
452
453
460
461
503
510
514
527
528
533
534
576
583
587
600
601
606
607
649
656
660
673
674
679
680
722
729
733
746
747
752
753
795
802
806
819
820
825
826
868
875
879
892
893
898
899
941
948
952
965
966
971
972
1011
1012
1016
1088
1089
1093
1161
1162
1166
1234
1235
1239
1307
1308
1312
1380
1381
1385
1453
1454
1458
1526
1527
1531
1600
1677
1750
1823
1896
1969
2042
2115
2771
2772
2776
2850
2851
2923
2924
2996
2997
3069
3070
3142
3143
3215
3216
3288
3289
39
47
451
459
2188
2265
2338
2411
2484
2557
2630
2703
2770
432
509
582
655
728
801
874
947
2339
2631
2412
2189
2704
2485
2266
2558
2627
2183
2408
2700
2481
2262
2554
2335
1897
1678
1970
1751
2043
1601
1824
2116
1457
1015
1238
1530
1311
1092
1384
1165
38
90
139
188
237
286
335
384
745
526
818
599
891
450
672
964
32
33
35
45
85
86
88
96
134
135
137
145
183
184
186
194
232
233
235
243
281
282
284
292
330
331
333
341
379
380
382
390
428
429
435
439
447
457
505
506
512
516
524
532
578
579
585
589
597
605
651
652
658
662
670
678
724
725
731
735
743
751
797
798
804
808
816
824
870
871
877
881
889
897
943
944
950
954
962
970
1023
1040
1041
1050
1100
1117
1173
1190
1246
1263
1319
1336
1392
1409
1465
1482
1538
1555
1606
1683
1756
1829
1902
1975
2048
2121
2191
2268
2341
2414
2487
2560
2633
2706
2768
2778
2779
2849
2855
2856
2922
2928
2929
2995
3001
3002
3068
3074
3075
3141
3147
3148
3214
3220
3221
3287
3293
3294
3361
31
84
133
182
231
280
329
378
427
504
577
650
723
796
869
942
1013
1090
1163
1236
1309
1382
1455
1528
2773
2777
2852
2925
2998
3071
3144
3217
3290
192
290
388
43
143
241
339
94
100
198
296
394
51
149
247
345
676
455
968
749
530
822
603
895
609
901
682
974
463
755
536
828
3072
2853
3145
2926
3218
2774
2999
3291
434
438
515
511
584
588
657
661
730
734
803
807
880
876
953
949
2632
2190
2413
2705
2486
2267
2559
2340
1898
1679
1971
1752
2044
1602
1825
2117
1459
1017
1240
1532
1313
1094
1386
1167
42
50
99
93
148
142
197
191
240
246
289
295
344
338
393
387
754
748
529
535
827
821
608
602
900
894
462
454
681
675
973
967
53
55
102
104
151
153
200
202
249
251
298
300
347
349
396
398
441
443
465
469
518
520
538
542
591
593
611
615
664
666
684
688
737
739
757
761
810
812
830
834
883
885
903
907
956
958
976
980
1018
1025
1029
1044
1045
1052
1053
1095
1102
1106
1119
1120
1125
1126
1168
1175
1179
1192
1193
1198
1199
1241
1248
1252
1265
1266
1271
1272
1314
1321
1325
1338
1339
1344
1345
1387
1394
1398
1411
1412
1417
1418
1460
1467
1471
1484
1485
1490
1491
1533
1540
1544
1557
1558
1563
1564
1603
1604
1608
1680
1681
1685
1753
1754
1758
1826
1827
1831
1899
1900
1904
1972
1973
1977
2045
2046
2050
2118
2119
2123
2192
2269
2342
2415
2488
2561
2634
2707
3363
3364
3368
3442
3443
3515
3516
3588
3589
3661
3662
3734
3735
3807
3808
3880
3881
1043
1051
2780
2857
2930
3003
3076
3149
3222
3295
3362
34
87
136
185
234
283
332
381
430
507
580
653
726
799
872
945
1024
1101
1174
1247
1320
1393
1466
1539
3296
3077
2858
3150
2931
3223
3004
2781
3073
2854
3146
2927
3219
2775
3000
3292
436
440
517
513
586
590
659
663
732
736
805
809
882
878
955
951
2635
2193
2416
2708
2489
2270
2562
2343
1903
1684
1976
1757
2049
1607
1830
2122
1483
1042
1264
1556
1337
1118
1410
1191
44
52
101
95
150
144
199
193
242
248
291
297
346
340
395
389
756
750
531
537
829
823
610
604
902
896
464
456
683
677
975
969
445
466
470
473
475
522
539
543
546
548
595
612
616
619
621
668
685
689
692
694
741
758
762
765
767
814
831
835
838
840
887
904
908
911
913
960
977
981
984
986
1020
1021
1027
1031
1039
1049
1097
1098
1104
1108
1116
1124
1170
1171
1177
1181
1189
1197
1243
1244
1250
1254
1262
1270
1316
1317
1323
1327
1335
1343
1389
1390
1396
1400
1408
1416
1462
1463
1469
1473
1481
1489
1535
1536
1542
1546
1554
1562
1615
1632
1633
1642
1692
1709
1765
1782
1838
1855
1911
1928
1984
2001
2057
2074
2130
2147
2198
2275
2348
2421
2494
2567
2640
2713
2783
2860
2933
3006
3079
3152
3225
3298
3360
3370
3371
3441
3447
3448
3514
3520
3521
3587
3593
3594
3660
3666
3667
3733
3739
3740
3806
3812
3813
3879
3885
3886
3953
1019
1096
1169
1242
1315
1388
1461
1534
1605
1682
1755
1828
1901
1974
2047
2120
3365
3369
3444
3517
3590
3663
3736
3809
3882
1122
1414
1195
1487
1268
1047
1560
1341
1347
1128
1420
1201
1493
1274
1566
1055
3810
3366
3591
3883
3664
3445
3737
3518
1026
1030
1107
1103
1176
1180
1249
1253
1322
1326
1395
1399
1472
1468
1545
1541
3078
2859
3151
2932
3224
2782
3005
3297
444
442
519
521
594
592
667
665
740
738
813
811
884
886
957
959
2636
2194
2417
2709
2490
2271
2563
2344
1905
1686
1978
1759
2051
1609
1832
2124
1492
1486
1046
1054
1273
1267
1565
1559
1346
1340
1121
1127
1419
1413
1200
1194
54
56
105
103
154
152
203
201
250
252
299
301
350
348
399
397
763
759
540
544
836
832
617
613
909
905
471
467
690
686
982
978
477
479
550
552
623
625
696
698
769
771
842
844
915
917
988
990
1033
1035
1057
1061
1110
1112
1130
1134
1183
1185
1203
1207
1256
1258
1276
1280
1329
1331
1349
1353
1402
1404
1422
1426
1475
1477
1495
1499
1548
1550
1568
1572
1610
1617
1621
1636
1637
1644
1645
1687
1694
1698
1711
1712
1717
1718
1760
1767
1771
1784
1785
1790
1791
1833
1840
1844
1857
1858
1863
1864
1906
1913
1917
1930
1931
1936
1937
1979
1986
1990
2003
2004
2009
2010
2052
2059
2063
2076
2077
2082
2083
2125
2132
2136
2149
2150
2155
2156
2195
2196
2200
2272
2273
2277
2345
2346
2350
2418
2419
2423
2491
2492
2496
2564
2565
2569
2637
2638
2642
2710
2711
2715
2784
2861
2934
3007
3080
3153
3226
3299
3955
3956
3960
4044
4045
4127
4128
4210
4211
4293
4294
4376
4377
4459
4460
4542
4543
1635
1643
3372
3449
3522
3595
3668
3741
3814
3887
3954
1022
1099
1172
1245
1318
1391
1464
1537
1616
1693
1766
1839
1912
1985
2058
2131
3523
3815
3596
3373
3888
3669
3450
3742
3811
3367
3592
3884
3665
3446
3738
3519
1028
1032
1109
1105
1178
1182
1251
1255
1324
1328
1397
1401
1474
1470
1547
1543
3081
2862
3154
2935
3227
2785
3008
3300
446
523
596
669
742
815
888
961
2641
2199
2422
2714
2495
2276
2568
2349
1929
1710
2002
1783
2075
1634
1856
2148
1494
1488
1048
1056
1275
1269
1567
1561
1348
1342
1123
1129
1421
1415
1202
1196
474
476
549
547
622
620
695
693
766
768
839
841
914
912
987
985
764
760
541
545
837
833
618
614
910
906
472
468
691
687
983
979
1037
1058
1062
1065
1067
1114
1131
1135
1138
1140
1187
1204
1208
1211
1213
1260
1277
1281
1284
1286
1333
1350
1354
1357
1359
1406
1423
1427
1430
1432
1479
1496
1500
1503
1505
1552
1569
1573
1576
1578
1612
1613
1619
1623
1631
1641
1689
1690
1696
1700
1708
1716
1762
1763
1769
1773
1781
1789
1835
1836
1842
1846
1854
1862
1908
1909
1915
1919
1927
1935
1981
1982
1988
1992
2000
2008
2054
2055
2061
2065
2073
2081
2127
2128
2134
2138
2146
2154
2207
2224
2225
2234
2284
2301
2357
2374
2430
2447
2503
2520
2576
2593
2649
2666
2722
2739
2790
2867
2940
3013
3086
3159
3232
3305
3375
3452
3525
3598
3671
3744
3817
3890
3952
3962
3963
4043
4049
4050
4126
4132
4133
4209
4215
4216
4292
4298
4299
4375
4381
4382
4458
4464
4465
4541
4547
4548
1611
1688
1761
1834
1907
1980
2053
2126
2197
2274
2347
2420
2493
2566
2639
2712
3957
3961
4046
4129
4212
4295
4378
4461
4544
1860
1639
2152
1933
1714
2006
1787
2079
1793
2085
1866
2158
1647
1939
1720
2012
4545
4130
4296
4462
4047
4213
3958
4379
1618
1622
1699
1695
1768
1772
1841
1845
1914
1918
1987
1991
2064
2060
2137
2133
3816
3374
3597
3889
3670
3451
3743
3524
1034
1111
1184
1257
1330
1403
1476
1549
3082
2863
3155
2936
3228
2786
3009
3301
1036
1113
1186
1259
1332
1405
1478
1551
2643
2201
2424
2716
2497
2278
2570
2351
1938
1932
1713
1719
2011
2005
1792
1786
2084
2078
1646
1638
1865
1859
2157
2151
1501
1497
1059
1063
1282
1278
1574
1570
1355
1351
1132
1136
1428
1424
1209
1205
772
770
551
553
845
843
626
624
918
916
480
478
699
697
991
989
1069
1071
1142
1144
1215
1217
1288
1290
1361
1363
1434
1436
1507
1509
1580
1582
1625
1627
1649
1653
1702
1704
1722
1726
1775
1777
1795
1799
1848
1850
1868
1872
1921
1923
1941
1945
1994
1996
2014
2018
2067
2069
2087
2091
2140
2142
2160
2164
2202
2209
2213
2228
2229
2236
2237
2279
2286
2290
2303
2304
2309
2310
2352
2359
2363
2376
2377
2382
2383
2425
2432
2436
2449
2450
2455
2456
2498
2505
2509
2522
2523
2528
2529
2571
2578
2582
2595
2596
2601
2602
2644
2651
2655
2668
2669
2674
2675
2717
2724
2728
2741
2742
2747
2748
2787
2788
2792
2864
2865
2869
2937
2938
2942
3010
3011
3015
3083
3084
3088
3156
3157
3161
3229
3230
3234
3302
3303
3307
3376
3453
3526
3599
3672
3745
3818
3891
2227
2235
3964
4051
4134
4217
4300
4383
4466
4549
1614
1691
1764
1837
1910
1983
2056
2129
2208
2285
2358
2431
2504
2577
2650
2723
4384
4550
4135
4301
4467
4052
4218
3965
4546
4131
4297
4463
4048
4214
3959
4380
1620
1624
1701
1697
1770
1774
1843
1847
1916
1920
1989
1993
2066
2062
2139
2135
3819
3377
3600
3892
3673
3454
3746
3527
3087
2868
3160
2941
3233
2791
3014
3306
1038
1115
1188
1261
1334
1407
1480
1553
2667
2226
2448
2740
2521
2302
2594
2375
1940
1934
1715
1721
2013
2007
1794
1788
2086
2080
1648
1640
1867
1861
2159
2153
1502
1498
1060
1064
1283
1279
1575
1571
1356
1352
1133
1137
1429
1425
1210
1206
1360
1358
1139
1141
1433
1431
1214
1212
1506
1504
1068
1066
1287
1285
1579
1577
1629
1650
1654
1657
1659
1706
1723
1727
1730
1732
1779
1796
1800
1803
1805
1852
1869
1873
1876
1878
1925
1942
1946
1949
1951
1998
2015
2019
2022
2024
2071
2088
2092
2095
2097
2144
2161
2165
2168
2170
2204
2205
2211
2215
2223
2233
2281
2282
2288
2292
2300
2308
2354
2355
2361
2365
2373
2381
2427
2428
2434
2438
2446
2454
2500
2501
2507
2511
2519
2527
2573
2574
2580
2584
2592
2600
2646
2647
2653
2657
2665
2673
2719
2720
2726
2730
2738
2746
2799
2816
2817
2826
2876
2893
2949
2966
3022
3039
3095
3112
3168
3185
3241
3258
3314
3331
3382
3459
3532
3605
3678
3751
3824
3897
3967
4054
4137
4220
4303
4386
4469
4552
2203
2280
2353
2426
2499
2572
2645
2718
2789
2866
2939
3012
3085
3158
3231
3304
2306
2598
2379
2671
2452
2231
2744
2525
2531
2312
2604
2385
2677
2458
2750
2239
2210
2214
2291
2287
2360
2364
2433
2437
2506
2510
2579
2583
2656
2652
2729
2725
4551
4136
4302
4468
4053
4219
3966
4385
1626
1703
1776
1849
1922
1995
2068
2141
3820
3378
3601
3893
3674
3455
3747
3528
3089
2870
3162
2943
3235
2793
3016
3308
1628
1705
1778
1851
1924
1997
2070
2143
2676
2670
2238
2230
2457
2451
2749
2743
2530
2524
2305
2311
2603
2597
2384
2378
1947
1943
1724
1728
2020
2016
1801
1797
2093
2089
1655
1651
1874
1870
2166
2162
1364
1362
1143
1145
1437
1435
1218
1216
1510
1508
1072
1070
1291
1289
1583
1581
1661
1663
1734
1736
1807
1809
1880
1882
1953
1955
2026
2028
2099
2101
2172
2174
2217
2219
2241
2245
2294
2296
2314
2318
2367
2369
2387
2391
2440
2442
2460
2464
2513
2515
2533
2537
2586
2588
2606
2610
2659
2661
2679
2683
2732
2734
2752
2756
2794
2801
2805
2820
2821
2828
2829
2871
2878
2882
2895
2896
2901
2902
2944
2951
2955
2968
2969
2974
2975
3017
3024
3028
3041
3042
3047
3048
3090
3097
3101
3114
3115
3120
3121
3163
3170
3174
3187
3188
3193
3194
3236
3243
3247
3260
3261
3266
3267
3309
3316
3320
3333
3334
3339
3340
3379
3380
3384
3456
3457
3461
3529
3530
3534
3602
3603
3607
3675
3676
3680
3748
3749
3753
3821
3822
3826
3894
3895
3899
3968
4055
4138
4221
4304
4387
4470
4553
2819
2827
2206
2283
2356
2429
2502
2575
2648
2721
2800
2877
2950
3023
3096
3169
3242
3315
2212
2216
2293
2289
2362
2366
2435
2439
2508
2512
2581
2585
2658
2654
2731
2727
4554
4139
4305
4471
4056
4222
3969
4388
3825
3383
3606
3898
3679
3460
3752
3533
3113
2894
3186
2967
3259
2818
3040
3332
1630
1707
1780
1853
1926
1999
2072
2145
2678
2672
2240
2232
2459
2453
2751
2745
2532
2526
2307
2313
2605
2599
2386
2380
1948
1944
1725
1729
2021
2017
1802
1798
2094
2090
1656
1652
1875
1871
2167
2163
1952
1950
1731
1733
2025
2023
1806
1804
2098
2096
1660
1658
1879
1877
2171
2169
2221
2242
2246
2249
2251
2298
2315
2319
2322
2324
2371
2388
2392
2395
2397
2444
2461
2465
2468
2470
2517
2534
2538
2541
2543
2590
2607
2611
2614
2616
2663
2680
2684
2687
2689
2736
2753
2757
2760
2762
2796
2797
2803
2807
2815
2825
2873
2874
2880
2884
2892
2900
2946
2947
2953
2957
2965
2973
3019
3020
3026
3030
3038
3046
3092
3093
3099
3103
3111
3119
3165
3166
3172
3176
3184
3192
3238
3239
3245
3249
3257
3265
3311
3312
3318
3322
3330
3338
3391
3408
3409
3418
3468
3485
3541
3558
3614
3631
3687
3704
3760
3777
3833
3850
3906
3923
3974
4061
4144
4227
4310
4393
4476
4559
2795
2872
2945
3018
3091
3164
3237
3310
3381
3458
3531
3604
3677
3750
3823
3896
3044
2823
3336
3117
2898
3190
2971
3263
2977
3269
3050
3342
2831
3123
2904
3196
2802
2806
2883
2879
2952
2956
3025
3029
3098
3102
3171
3175
3248
3244
3321
3317
2218
2295
2368
2441
2514
2587
2660
2733
4555
4140
4306
4472
4057
4223
3970
4389
3827
3385
3608
3900
3681
3462
3754
3535
3122
3116
2897
2903
3195
3189
2976
2970
3268
3262
2822
2830
3049
3043
3341
3335
2220
2297
2370
2443
2516
2589
2662
2735
2685
2681
2247
2243
2466
2462
2758
2754
2539
2535
2316
2320
2612
2608
2393
2389
1956
1954
1735
1737
2029
2027
1810
1808
2102
2100
1664
1662
1883
1881
2175
2173
2253
2255
2326
2328
2399
2401
2472
2474
2545
2547
2618
2620
2691
2693
2764
2766
2809
2811
2833
2837
2886
2888
2906
2910
2959
2961
2979
2983
3032
3034
3052
3056
3105
3107
3125
3129
3178
3180
3198
3202
3251
3253
3271
3275
3324
3326
3344
3348
3386
3393
3397
3412
3413
3420
3421
3463
3470
3474
3487
3488
3493
3494
3536
3543
3547
3560
3561
3566
3567
3609
3616
3620
3633
3634
3639
3640
3682
3689
3693
3706
3707
3712
3713
3755
3762
3766
3779
3780
3785
3786
3828
3835
3839
3852
3853
3858
3859
3901
3908
3912
3925
3926
3931
3932
3971
3972
3976
4058
4059
4063
4141
4142
4146
4224
4225
4229
4307
4308
4312
4390
4391
4395
4473
4474
4478
4556
4557
4561
3411
3419
2798
2875
2948
3021
3094
3167
3240
3313
3392
3469
3542
3615
3688
3761
3834
3907
2804
2808
2885
2881
2954
2958
3027
3031
3100
3104
3173
3177
3250
3246
3323
3319
4560
4145
4311
4477
4062
4228
3975
4394
3851
3410
3632
3924
3705
3486
3778
3559
3124
3118
2899
2905
3197
3191
2978
2972
3270
3264
2824
2832
3051
3045
3343
3337
2222
2299
2372
2445
2518
2591
2664
2737
2686
2682
2248
2244
2467
2463
2759
2755
2540
2536
2317
2321
2613
2609
2394
2390
2544
2542
2323
2325
2617
2615
2398
2396
2690
2688
2252
2250
2471
2469
2763
2761
2813
2834
2838
2841
2843
2890
2907
2911
2914
2916
2963
2980
2984
2987
2989
3036
3053
3057
3060
3062
3109
3126
3130
3133
3135
3182
3199
3203
3206
3208
3255
3272
3276
3279
3281
3328
3345
3349
3352
3354
3388
3389
3395
3399
3407
3417
3465
3466
3472
3476
3484
3492
3538
3539
3545
3549
3557
3565
3611
3612
3618
3622
3630
3638
3684
3685
3691
3695
3703
3711
3757
3758
3764
3768
3776
3784
3830
3831
3837
3841
3849
3857
3903
3904
3910
3914
3922
3930
3983
4000
4001
4010
4070
4087
4153
4170
4236
4253
4319
4336
4402
4419
4485
4502
4568
4585
3387
3464
3537
3610
3683
3756
3829
3902
3973
4060
4143
4226
4309
4392
4475
4558
3490
3782
3563
3855
3636
3415
3928
3709
3715
3496
3788
3569
3861
3642
3934
3423
3394
3398
3475
3471
3544
3548
3617
3621
3690
3694
3763
3767
3840
3836
3913
3909
2810
2887
2960
3033
3106
3179
3252
3325
4562
4147
4313
4479
4064
4230
3977
4396
3860
3854
3422
3414
3641
3635
3933
3927
3714
3708
3489
3495
3787
3781
3568
3562
3131
3127
2908
2912
3204
3200
2985
2981
3277
3273
2835
2839
3058
3054
3350
3346
2812
2889
2962
3035
3108
3181
3254
3327
2548
2546
2327
2329
2621
2619
2402
2400
2694
2692
2256
2254
2475
2473
2767
2765
2845
2847
2918
2920
2991
2993
3064
3066
3137
3139
3210
3212
3283
3285
3356
3358
3401
3403
3425
3429
3478
3480
3498
3502
3551
3553
3571
3575
3624
3626
3644
3648
3697
3699
3717
3721
3770
3772
3790
3794
3843
3845
3863
3867
3916
3918
3936
3940
3978
3985
3989
4004
4005
4012
4013
4065
4072
4076
4089
4090
4095
4096
4148
4155
4159
4172
4173
4178
4179
4231
4238
4242
4255
4256
4261
4262
4314
4321
4325
4338
4339
4344
4345
4397
4404
4408
4421
4422
4427
4428
4480
4487
4491
4504
4505
4510
4511
4563
4570
4574
4587
4588
4593
4594
4003
4011
3390
3467
3540
3613
3686
3759
3832
3905
3984
4071
4154
4237
4320
4403
4486
4569
3396
3400
3477
3473
3546
3550
3619
3623
3692
3696
3765
3769
3842
3838
3915
3911
4586
4171
4337
4503
4088
4254
4002
4420
3862
3856
3424
3416
3643
3637
3935
3929
3716
3710
3491
3497
3789
3783
3570
3564
3132
3128
2909
2913
3205
3201
2986
2982
3278
3274
2836
2840
3059
3055
3351
3347
2814
2891
2964
3037
3110
3183
3256
3329
3136
3134
2915
2917
3209
3207
2990
2988
3282
3280
2844
2842
3063
3061
3355
3353
3405
3426
3430
3433
3435
3482
3499
3503
3506
3508
3555
3572
3576
3579
3581
3628
3645
3649
3652
3654
3701
3718
3722
3725
3727
3774
3791
3795
3798
3800
3847
3864
3868
3871
3873
3920
3937
3941
3944
3946
3980
3981
3987
3991
3999
4009
4067
4068
4074
4078
4086
4094
4150
4151
4157
4161
4169
4177
4233
4234
4240
4244
4252
4260
4316
4317
4323
4327
4335
4343
4399
4400
4406
4410
4418
4426
4482
4483
4489
4493
4501
4509
4565
4566
4572
4576
4584
4592
3979
4066
4149
4232
4315
4398
4481
4564
4258
4007
4424
4590
4175
4341
4507
4092
4513
4098
4264
4430
4015
4596
4181
4347
3986
3990
4073
4077
4160
4156
4243
4239
4322
4326
4409
4405
4488
4492
4571
4575
3402
3479
3552
3625
3698
3771
3844
3917
4595
4589
4180
4174
4346
4340
4512
4506
4097
4091
4257
4263
4014
4006
4429
4423
3869
3865
3431
3427
3650
3646
3942
3938
3723
3719
3500
3504
3796
3792
3577
3573
3404
3481
3554
3627
3700
3773
3846
3919
3140
3138
2919
2921
3213
3211
2994
2992
3286
3284
2848
2846
3067
3065
3359
3357
3437
3439
3510
3512
3583
3585
3656
3658
3729
3731
3802
3804
3875
3877
3948
3950
3993
3995
4017
4021
4080
4082
4100
4104
4163
4165
4183
4187
4246
4248
4266
4270
4329
4331
4349
4353
4412
4414
4432
4436
4495
4497
4515
4519
4578
4580
4598
4602
3982
4069
4152
4235
4318
4401
4484
4567
3988
3992
4075
4079
4162
4158
4245
4241
4324
4328
4411
4407
4490
4494
4573
4577
4597
4591
4182
4176
4348
4342
4514
4508
4099
4093
4259
4265
4016
4008
4431
4425
3870
3866
3432
3428
3651
3647
3943
3939
3724
3720
3501
3505
3797
3793
3578
3574
3406
3483
3556
3629
3702
3775
3848
3921
3728
3726
3507
3509
3801
3799
3582
3580
3874
3872
3436
3434
3655
3653
3947
3945
3997
4018
4022
4025
4027
4084
4101
4105
4108
4110
4167
4184
4188
4191
4193
4250
4267
4271
4274
4276
4333
4350
4354
4357
4359
4416
4433
4437
4440
4442
4499
4516
4520
4523
4525
4582
4599
4603
4606
4608
3994
4081
4164
4247
4330
4413
4496
4579
4604
4600
4189
4185
4355
4351
4521
4517
4106
4102
4268
4272
4023
4019
4438
4434
3996
4083
4166
4249
4332
4415
4498
4581
3732
3730
3511
3513
3805
3803
3586
3584
3878
3876
3440
3438
3659
3657
3951
3949
4029
4031
4033
4112
4114
4116
4195
4197
4199
4278
4280
4282
4361
4363
4365
4444
4446
4448
4527
4529
4531
4610
4612
4614
4605
4601
4190
4186
4356
4352
4522
4518
4107
4103
4269
4273
4024
4020
4439
4435
3998
4085
4168
4251
4334
4417
4500
4583
4360
4358
4109
4111
4443
4441
4194
4192
4526
4524
4028
4026
4277
4275
4609
4607
4035
4037
4118
4120
4201
4203
4284
4286
4367
4369
4450
4452
4533
4535
4616
4618
4034
4117
4200
4283
4366
4449
4532
4615
4364
4362
4113
4115
4447
4445
4198
4196
4530
4528
4032
4030
4281
4279
4613
4611
4370
4368
4119
4121
4453
4451
4204
4202
4536
4534
4038
4036
4287
4285
4619
4617
4042
4125
4208
4291
4374
4457
4540
4623
4041
4124
4207
4290
4373
4456
4539
4622
4372
4371
4122
4123
4455
4454
4206
4205
4538
4537
4040
4039
4289
4288
4621
4620
4626
4829
4630
4832
4627
4628
4656
4655
4681
4680
4706
4705
4731
4730
4755
4756
4780
4781
4805
4806
4982
4981
4870
4871
5018
5019
4907
4908
5055
5056
4830
4831
4944
4945
5092
5093
5129
4632
4631
4659
4658
4683
4684
4708
4709
4734
4733
4758
4759
4784
4783
4809
4808
4984
4983
4872
4873
5020
5021
4909
4910
5057
5058
4834
4833
4946
4947
5094
5095
5132
5355
5356
5130
5131
5244
5245
5392
5393
5281
5282
5171
5170
5319
5318
5208
5207
4624
4653
4678
4703
4728
4753
4778
4803
4980
4869
5017
4906
5054
4828
4943
5091
5429
5357
5358
5133
5134
5246
5247
5394
5395
5283
5284
5172
5173
5320
5321
5209
5210
5432
5581
5582
5470
5471
5618
5619
5508
5507
5656
5655
5430
5431
5544
5545
5692
5693
5354
5128
5243
5391
5280
5169
5317
5206
4633
4660
4685
4710
4735
4760
4785
4810
4985
4874
5022
4911
5059
4835
4948
5096
4634
4636
4661
4663
4686
4688
4711
4713
4736
4738
4761
4763
4786
4788
4813
4811
4838
4836
4875
4877
4912
4914
4949
4951
4986
4988
5023
5025
5060
5062
5097
5099
5729
5584
5583
5472
5473
5620
5621
5509
5510
5657
5658
5434
5433
5546
5547
5694
5695
4637
4664
4689
4714
4739
4764
4789
4814
4989
4878
5026
4915
5063
4839
4952
5100
5732
5955
5956
5730
5731
5845
5844
5992
5993
5881
5882
5770
5771
5919
5918
5808
5807
5580
5469
5617
5506
5654
5428
5543
5691
5359
5135
5248
5396
5285
5174
5322
5211
4638
4665
4690
4715
4740
4765
4790
4815
4840
4879
4916
4953
4990
5027
5064
5101
5136
5138
5177
5175
5214
5212
5249
5251
5286
5288
5323
5325
5362
5360
5397
5399
4644
4648
4854
4858
6029
4635
4837
4876
4662
4687
4913
4712
4950
4737
4987
4762
5024
5061
4787
5098
4812
5957
5958
5733
5734
5846
5847
5994
5995
5883
5884
5772
5773
5920
5921
5809
5810
5363
5139
5252
5400
5289
5178
5326
5215
4643
4670
4695
4720
4745
4770
4795
4820
5003
4892
5040
4929
5077
4853
4966
5114
4641
4639
4666
4668
4691
4693
4716
4718
4741
4743
4768
4766
4793
4791
4816
4818
4841
4843
4880
4882
4917
4919
4954
4956
4993
4991
5028
5030
5065
5067
5104
5102
6032
6182
6181
6070
6071
6218
6219
6108
6107
6256
6255
6030
6031
6144
6145
6292
6293
4845
4847
4886
4884
4921
4923
4958
4960
4995
4997
5032
5034
5071
5069
5108
5106
5954
5728
5843
5991
5880
5769
5917
5806
5585
5474
5622
5511
5659
5435
5548
5696
4646
4645
4649
4650
4674
4675
4672
4671
4699
4700
4697
4696
4724
4725
4722
4721
4747
4746
4749
4750
4772
4771
4774
4775
4800
4799
4796
4797
4824
4825
4821
4822
5008
5007
5004
5005
4893
4894
4897
4896
5044
5045
5041
5042
4933
4934
4930
4931
5081
5082
5078
5079
4859
4860
4856
4855
4971
4970
4968
4967
5118
5119
5115
5116
5140
5179
5216
5253
5290
5327
5364
5401
5436
5438
5475
5477
5512
5514
5549
5551
5586
5588
5623
5625
5660
5662
5697
5699
5154
5158
6329
4844
5137
5176
4883
4920
5213
4957
5250
4994
5287
5031
5324
5361
5068
5398
5105
6184
6183
6072
6073
6220
6221
6109
6110
6257
6258
6033
6034
6146
6147
6294
6295
4640
4842
4881
4667
4692
4918
4717
4955
4742
4992
4767
5029
5066
4792
5103
4817
5589
5478
5626
5515
5663
5439
5552
5700
5377
5153
5266
5414
5303
5192
5340
5229
4642
4647
4673
4669
4698
4694
4723
4719
4744
4748
4769
4773
4798
4794
4823
4819
5006
5002
4891
4895
5043
5039
4932
4928
5080
5076
4857
4852
4969
4965
5117
5113
5141
5143
5180
5182
5217
5219
5256
5254
5291
5293
5328
5330
5365
5367
5402
5404
6332
6555
6556
6330
6331
6445
6444
6592
6593
6481
6482
6370
6371
6519
6518
6408
6407
5145
5147
5186
5184
5221
5223
5258
5260
5295
5297
5332
5334
5371
5369
5408
5406
6180
6069
6217
6106
6254
6028
6143
6291
4849
4850
4888
4889
4925
4926
4962
4963
5000
4999
5036
5037
5073
5074
5111
5110
5959
5735
5848
5996
5885
5774
5922
5811
5381
5382
5378
5379
5155
5156
5160
5159
5270
5271
5267
5268
5418
5419
5416
5415
5308
5307
5304
5305
5193
5194
5196
5197
5344
5345
5341
5342
5234
5233
5230
5231
4651
4652
4846
4677
4676
4885
4702
4922
4701
4727
4726
4959
4751
4752
4996
4776
4777
5033
4802
4801
5070
4827
4826
5107
5011
5009
4998
4898
4900
4887
5048
5035
5046
4937
4924
4935
5085
5072
5083
4863
4848
4861
4974
4961
4972
5122
5120
5109
5440
5479
5516
5553
5590
5627
5664
5701
5738
5736
5777
5775
5812
5814
5849
5851
5888
5886
5923
5925
5960
5962
5997
5999
4625
4654
4679
4704
4729
4754
4779
4804
5454
5458
6629
5144
5437
5476
5183
5220
5513
5257
5550
5294
5587
5331
5624
5661
5368
5698
5405
6557
6558
6333
6334
6446
6447
6594
6595
6483
6484
6372
6373
6520
6521
6409
6410
5142
5181
5218
5255
5292
5329
5366
5403
4851
4890
4927
4964
5001
5038
5075
5112
5963
5739
5852
6000
5889
5778
5926
5815
5603
5492
5640
5529
5677
5453
5566
5714
5380
5376
5152
5157
5269
5265
5417
5413
5306
5302
5191
5195
5343
5339
5232
5228
5012
5014
5010
5013
4899
4902
4901
4903
5051
5049
5047
5050
4938
4940
4936
4939
5088
5086
5084
5087
4864
4866
4865
4862
4975
4977
4976
4973
5123
5125
5124
5121
4629
4657
4682
4707
4732
4757
4782
4807
5441
5443
5480
5482
5517
5519
5554
5556
5593
5591
5628
5630
5665
5667
5704
5702
6632
6913
6914
6713
6714
6793
6794
6873
6874
6673
6674
6753
6754
6630
6631
6834
6833
5445
5447
5486
5484
5521
5523
5558
5560
5595
5597
5632
5634
5671
5669
5708
5706
6554
6328
6443
6591
6480
6369
6517
6406
6185
6074
6222
6111
6259
6035
6148
6296
5149
5150
5188
5189
5225
5226
5262
5263
5300
5299
5336
5337
5374
5373
5410
5411
5608
5607
5604
5605
5493
5494
5497
5496
5645
5644
5641
5642
5533
5534
5530
5531
5681
5682
5678
5679
5459
5460
5456
5455
5570
5571
5568
5567
5718
5719
5715
5716
5385
5372
5383
5161
5163
5148
5274
5272
5261
5422
5409
5420
5311
5298
5309
5198
5200
5187
5348
5346
5335
5237
5235
5224
5016
5296
5015
4904
5185
4905
5053
5052
5333
4942
4941
5222
5090
5089
5370
4868
5146
4867
4979
4978
5259
5127
5126
5407
5740
5779
5816
5853
5890
5927
5964
6001
6038
6036
6077
6075
6112
6114
6149
6151
6186
6188
6225
6223
6260
6262
6297
6299
5754
5758
5444
5737
5776
5483
5520
5813
5557
5850
5594
5887
5631
5924
5961
5668
5998
5705
6915
6916
6715
6716
6795
6796
6875
6876
6675
6676
6755
6756
6634
6633
6836
6835
5442
5481
5518
5555
5592
5629
5666
5703
6189
6078
6226
6115
6263
6039
6152
6300
5151
5190
5227
5264
5301
5338
5375
5412
5977
5753
5866
6014
5903
5792
5940
5829
5606
5602
5491
5495
5643
5639
5532
5528
5680
5676
5457
5452
5569
5565
5717
5713
5314
5312
5313
5310
5202
5199
5201
5203
5349
5351
5347
5350
5240
5238
5236
5239
5386
5388
5384
5387
5164
5166
5162
5165
5275
5277
5273
5276
5425
5423
5424
5421
5741
5743
5780
5782
5817
5819
5856
5854
5891
5893
5928
5930
5965
5967
6002
6004
5745
5747
5786
5784
5821
5823
5858
5860
5895
5897
5932
5934
5971
5969
6008
6006
6912
6712
6792
6872
6672
6752
6628
6832
6559
6335
6448
6596
6485
6374
6522
6411
5449
5450
5488
5489
5525
5526
5562
5563
5600
5599
5637
5636
5673
5674
5710
5711
5981
5982
5978
5979
5760
5759
5756
5755
5870
5871
5867
5868
6018
6019
6016
6015
5907
5908
5904
5905
5793
5794
5796
5797
5944
5945
5941
5942
5834
5833
5830
5831
5611
5609
5598
5498
5500
5487
5648
5635
5646
5537
5524
5535
5685
5672
5683
5463
5448
5461
5574
5561
5572
5722
5720
5709
5316
5315
5596
5204
5205
5485
5353
5352
5633
5242
5241
5522
5390
5389
5670
5168
5446
5167
5279
5278
5559
5427
5426
5707
6040
6079
6116
6153
6190
6227
6264
6301
6338
6336
6377
6375
6412
6414
6449
6451
6486
6488
6523
6525
6560
6562
6597
6599
6054
6058
5744
6037
6076
5783
5820
6113
5857
6150
5894
6187
5931
6224
6261
5968
6298
6005
5742
5781
5818
5855
5892
5929
5966
6003
6563
6339
6452
6600
6489
6378
6526
6415
6203
6092
6240
6129
6277
6053
6166
6314
5451
5490
5527
5564
5601
5638
5675
5712
5980
5976
5757
5752
5869
5865
6017
6013
5906
5902
5791
5795
5943
5939
5832
5828
5612
5614
5610
5613
5499
5502
5501
5503
5651
5649
5650
5647
5538
5540
5536
5539
5688
5686
5684
5687
5464
5466
5465
5462
5577
5575
5576
5573
5723
5725
5721
5724
6041
6043
6080
6082
6117
6119
6154
6156
6193
6191
6228
6230
6265
6267
6304
6302
6045
6047
6086
6084
6121
6123
6158
6160
6195
6197
6232
6234
6271
6269
6308
6306
6917
6717
6797
6877
6677
6757
6635
6837
6208
6207
6204
6205
6093
6094
6097
6096
6244
6245
6241
6242
6133
6134
6130
6131
6281
6282
6278
6279
6056
6055
6059
6060
6171
6170
6168
6167
6318
6319
6315
6316
5749
5750
5788
5789
5826
5825
5862
5863
5899
5900
5936
5937
5974
5973
6010
6011
5985
5972
5983
5763
5761
5748
5874
5872
5861
6022
6009
6020
5911
5898
5909
5798
5800
5787
5948
5946
5935
5837
5835
5824
5616
5896
5615
5504
5785
5505
5653
5652
5933
5542
5541
5822
5690
5689
5970
5468
5746
5467
5579
5578
5859
5727
5726
6007
6340
6379
6416
6453
6490
6527
6564
6601
6636
6638
6680
6678
6720
6718
6760
6758
6798
6800
6840
6838
6880
6878
6920
6918
6354
6358
6044
6337
6376
6083
6120
6413
6157
6450
6194
6487
6231
6524
6561
6268
6598
6305
6042
6081
6118
6155
6192
6229
6266
6303
6921
6721
6801
6881
6681
6761
6639
6841
6577
6353
6466
6614
6503
6392
6540
6429
6206
6202
6091
6095
6243
6239
6132
6128
6280
6276
6052
6057
6169
6165
6317
6313
5751
5790
5827
5864
5901
5938
5975
6012
5912
5914
5913
5910
5802
5799
5801
5803
5949
5951
5947
5950
5840
5838
5836
5839
5988
5986
5987
5984
5764
5766
5765
5762
5875
5877
5873
5876
6025
6023
6024
6021
6341
6343
6380
6382
6417
6419
6456
6454
6491
6493
6528
6530
6565
6567
6602
6604
6345
6347
6386
6384
6421
6423
6458
6460
6495
6497
6532
6534
6571
6569
6608
6606
6582
6581
6578
6579
6360
6359
6356
6355
6470
6471
6467
6468
6618
6619
6616
6615
6508
6507
6504
6505
6393
6394
6396
6397
6544
6545
6541
6542
6434
6433
6430
6431
6211
6209
6198
6098
6100
6087
6248
6235
6246
6137
6124
6135
6285
6272
6283
6061
6048
6063
6174
6172
6161
6322
6320
6309
6049
6050
6088
6089
6125
6126
6163
6162
6200
6199
6237
6236
6273
6274
6311
6310
5916
5915
6196
5804
6085
5805
5953
5952
6233
5842
5841
6122
5990
5989
6270
5768
6046
5767
5879
5878
6159
6027
6026
6307
6640
6682
6722
6762
6802
6842
6882
6922
6654
6658
6344
6637
6383
6679
6719
6420
6759
6457
6494
6799
6839
6531
6568
6879
6605
6919
6342
6381
6418
6455
6492
6529
6566
6603
6935
6735
6815
6895
6695
6775
6653
6855
6580
6576
6357
6352
6469
6465
6617
6613
6506
6502
6391
6395
6543
6539
6432
6428
6051
6090
6127
6164
6201
6238
6275
6312
6212
6214
6210
6213
6099
6102
6101
6103
6251
6249
6250
6247
6138
6140
6136
6139
6288
6286
6284
6287
6064
6066
6065
6062
6177
6175
6176
6173
6323
6325
6321
6324
6641
6643
6683
6685
6723
6725
6763
6765
6803
6805
6843
6845
6883
6885
6923
6925
6645
6647
6687
6689
6729
6727
6769
6767
6807
6809
6849
6847
6887
6889
6927
6929
6939
6940
6937
6936
6739
6740
6737
6736
6820
6819
6816
6817
6899
6900
6896
6897
6699
6700
6696
6697
6776
6777
6779
6780
6659
6660
6656
6655
6859
6860
6856
6857
6585
6572
6583
6363
6361
6348
6474
6472
6461
6622
6609
6620
6511
6509
6498
6398
6400
6387
6548
6546
6535
6437
6424
6435
6349
6350
6388
6389
6425
6426
6462
6463
6500
6499
6536
6537
6573
6574
6610
6611
6216
6496
6215
6104
6105
6385
6253
6252
6533
6142
6141
6422
6290
6289
6570
6068
6346
6067
6179
6178
6459
6327
6326
6607
6642
6684
6724
6764
6804
6844
6884
6924
6938
6934
6738
6734
6818
6814
6898
6894
6698
6694
6774
6778
6657
6652
6858
6854
6351
6390
6427
6464
6501
6538
6575
6612
6514
6512
6513
6510
6402
6399
6401
6403
6549
6551
6547
6550
6440
6438
6436
6439
6586
6588
6584
6587
6364
6366
6362
6365
6475
6477
6473
6476
6625
6623
6624
6621
6943
6930
6941
6743
6730
6741
6823
6821
6810
6903
6890
6901
6703
6690
6701
6781
6770
6783
6663
6648
6661
6863
6861
6850
6649
6650
6691
6692
6731
6732
6772
6771
6811
6812
6851
6852
6892
6891
6931
6932
6516
6808
6515
6404
6688
6405
6553
6552
6848
6442
6728
6441
6590
6589
6888
6368
6646
6367
6479
6768
6478
6627
6928
6626
6826
6824
6825
6822
6705
6702
6704
6706
6864
6866
6865
6862
6744
6746
6745
6742
6906
6904
6905
6902
6664
6666
6665
6662
6784
6786
6785
6782
6944
6946
6942
6945
6828
6827
6829
6707
6708
6709
6868
6867
6869
6748
6747
6749
6908
6907
6909
6668
6667
6669
6788
6787
6789
6948
6947
6949
6644
6686
6726
6766
6806
6846
6886
6926
6651
6693
6733
6773
6813
6853
6893
6933
6831
6830
6710
6711
6871
6870
6751
6750
6911
6910
6671
6670
6791
6790
6951
6950
