1
3
2
4
5
7
6
8
10
12
11
13
14
16
15
17
19
21
20
22
23
25
24
26
28
30
29
31
32
34
33
35
37
39
38
40
41
43
42
44
46
48
47
49
50
52
51
53
55
57
56
58
59
61
60
62
64
66
65
67
68
70
69
71
75
76
77
79
78
80
82
83
84
86
85
87
89
90
91
93
92
94
96
97
98
100
99
101
103
104
105
107
106
108
110
111
112
114
113
115
117
118
119
121
120
122
124
125
126
128
127
129
133
134
135
137
136
138
140
141
142
144
143
145
147
148
149
151
150
152
154
155
156
158
157
159
161
162
163
165
164
166
168
169
170
172
171
173
175
176
177
179
178
180
182
183
184
186
185
187
191
192
193
195
194
196
198
199
200
202
201
203
205
206
207
209
208
210
212
213
214
216
215
217
219
220
221
223
222
224
226
227
228
230
229
231
233
234
235
237
236
238
240
241
242
244
243
245
249
250
251
253
252
254
256
257
258
260
259
261
263
264
265
267
266
268
270
271
272
274
273
275
277
278
279
281
280
282
284
285
286
288
287
289
291
292
293
295
294
296
298
299
300
302
301
303
307
308
309
311
310
312
314
315
316
318
317
319
321
322
323
325
324
326
328
329
330
332
331
333
335
336
337
339
338
340
342
343
344
346
345
347
349
350
351
353
352
354
356
357
358
360
359
361
365
366
367
369
368
370
372
373
374
376
375
377
379
380
381
383
382
384
386
387
388
390
389
391
393
394
395
397
396
398
400
401
402
404
403
405
407
408
409
411
410
412
414
415
416
418
417
419
423
424
425
427
2945
426
428
430
431
432
434
2949
433
435
437
438
439
441
2953
440
442
444
445
446
448
2957
447
449
451
452
453
455
2961
454
456
458
459
460
462
2965
461
463
465
466
467
469
2969
468
470
472
473
474
476
2973
475
477
481
482
483
485
484
486
488
489
490
492
491
493
495
496
497
499
498
500
502
503
504
506
505
507
509
510
511
513
512
514
516
517
518
520
519
521
523
524
525
527
526
528
530
531
532
534
533
535
539
541
540
542
544
546
545
547
549
551
550
552
554
556
555
557
559
561
560
562
564
566
565
567
569
571
570
572
574
576
575
577
581
583
582
584
586
588
587
589
591
593
592
594
596
598
597
599
601
603
602
604
606
608
607
609
611
613
612
614
616
618
617
619
623
625
624
626
628
630
629
631
633
635
634
636
638
640
639
641
643
645
644
646
648
650
649
651
653
655
654
656
658
660
659
661
665
667
666
668
670
672
671
673
675
677
676
678
680
682
681
683
685
687
686
688
690
692
691
693
695
697
696
698
700
702
701
703
707
709
708
710
712
714
713
715
717
719
718
720
722
724
723
725
727
729
728
730
732
734
733
735
737
739
738
740
742
744
743
745
749
751
750
752
754
756
755
757
759
761
760
762
764
766
765
767
769
771
770
772
774
776
775
777
779
781
780
782
784
786
785
787
791
793
3153
792
794
796
798
3156
797
799
801
803
3159
802
804
806
808
3162
807
809
811
813
3165
812
814
816
818
3168
817
819
821
823
3171
822
824
826
828
3174
827
829
833
834
835
837
836
838
840
841
842
844
843
845
847
848
849
851
850
852
854
855
856
858
857
859
861
862
863
865
864
866
868
869
870
872
871
873
875
876
877
879
878
880
882
883
884
886
885
887
891
893
892
894
896
898
897
899
901
903
902
904
906
908
907
909
911
913
912
914
916
918
917
919
921
923
922
924
926
928
927
929
933
935
934
936
938
940
939
941
943
945
944
946
948
950
949
951
953
955
954
956
958
960
959
961
963
965
964
966
968
970
969
971
975
977
976
978
980
982
981
983
985
987
986
988
990
992
991
993
995
997
996
998
1000
1002
1001
1003
1005
1007
1006
1008
1010
1012
1011
1013
1017
1019
1018
1020
1022
1024
1023
1025
1027
1029
1028
1030
1032
1034
1033
1035
1037
1039
1038
1040
1042
1044
1043
1045
1047
1049
1048
1050
1052
1054
1053
1055
1059
1061
1060
1062
1064
1066
1065
1067
1069
1071
1070
1072
1074
1076
1075
1077
1079
1081
1080
1082
1084
1086
1085
1087
1089
1091
1090
1092
1094
1096
1095
1097
1101
1103
1102
1104
1106
1108
1107
1109
1111
1113
1112
1114
1116
1118
1117
1119
1121
1123
1122
1124
1126
1128
1127
1129
1131
1133
1132
1134
1136
1138
1137
1139
1143
1145
3297
1144
1146
1148
1150
3300
1149
1151
1153
1155
3303
1154
1156
1158
1160
3306
1159
1161
1163
1165
3309
1164
1166
1168
1170
3312
1169
1171
1173
1175
3315
1174
1176
1178
1180
3318
1179
1181
1185
1186
1187
1189
1188
1190
1192
1193
1194
1196
1195
1197
1199
1200
1201
1203
1202
1204
1206
1207
1208
1210
1209
1211
1213
1214
1215
1217
1216
1218
1220
1221
1222
1224
1223
1225
1227
1228
1229
1231
1230
1232
1234
1235
1236
1238
1237
1239
1243
1245
1244
1246
1248
1250
1249
1251
1253
1255
1254
1256
1258
1260
1259
1261
1263
1265
1264
1266
1268
1270
1269
1271
1273
1275
1274
1276
1278
1280
1279
1281
1285
1287
1286
1288
1290
1292
1291
1293
1295
1297
1296
1298
1300
1302
1301
1303
1305
1307
1306
1308
1310
1312
1311
1313
1315
1317
1316
1318
1320
1322
1321
1323
1327
1329
1328
1330
1332
1334
1333
1335
1337
1339
1338
1340
1342
1344
1343
1345
1347
1349
1348
1350
1352
1354
1353
1355
1357
1359
1358
1360
1362
1364
1363
1365
1369
1371
1370
1372
1374
1376
1375
1377
1379
1381
1380
1382
1384
1386
1385
1387
1389
1391
1390
1392
1394
1396
1395
1397
1399
1401
1400
1402
1404
1406
1405
1407
1411
1413
1412
1414
1416
1418
1417
1419
1421
1423
1422
1424
1426
1428
1427
1429
1431
1433
1432
1434
1436
1438
1437
1439
1441
1443
1442
1444
1446
1448
1447
1449
1453
1455
1454
1456
1458
1460
1459
1461
1463
1465
1464
1466
1468
1470
1469
1471
1473
1475
1474
1476
1478
1480
1479
1481
1483
1485
1484
1486
1488
1490
1489
1491
1495
1497
3441
1496
1498
1500
1502
3444
1501
1503
1505
1507
3447
1506
1508
1510
1512
3450
1511
1513
1515
1517
3453
1516
1518
1520
1522
3456
1521
1523
1525
1527
3459
1526
1528
1530
1532
3462
1531
1533
1537
1538
1539
1541
1540
1542
1544
1545
1546
1548
1547
1549
1551
1552
1553
1555
1554
1556
1558
1559
1560
1562
1561
1563
1565
1566
1567
1569
1568
1570
1572
1573
1574
1576
1575
1577
1579
1580
1581
1583
1582
1584
1586
1587
1588
1590
1589
1591
1595
1597
1596
1598
1600
1602
1601
1603
1605
1607
1606
1608
1610
1612
1611
1613
1615
1617
1616
1618
1620
1622
1621
1623
1625
1627
1626
1628
1630
1632
1631
1633
1637
1639
1638
1640
1642
1644
1643
1645
1647
1649
1648
1650
1652
1654
1653
1655
1657
1659
1658
1660
1662
1664
1663
1665
1667
1669
1668
1670
1672
1674
1673
1675
1679
1681
1680
1682
1684
1686
1685
1687
1689
1691
1690
1692
1694
1696
1695
1697
1699
1701
1700
1702
1704
1706
1705
1707
1709
1711
1710
1712
1714
1716
1715
1717
1721
1723
1722
1724
1726
1728
1727
1729
1731
1733
1732
1734
1736
1738
1737
1739
1741
1743
1742
1744
1746
1748
1747
1749
1751
1753
1752
1754
1756
1758
1757
1759
1763
1765
1764
1766
1768
1770
1769
1771
1773
1775
1774
1776
1778
1780
1779
1781
1783
1785
1784
1786
1788
1790
1789
1791
1793
1795
1794
1796
1798
1800
1799
1801
1805
1807
1806
1808
1810
1812
1811
1813
1815
1817
1816
1818
1820
1822
1821
1823
1825
1827
1826
1828
1830
1832
1831
1833
1835
1837
1836
1838
1840
1842
1841
1843
1847
1849
3585
1848
1850
1852
1854
3588
1853
1855
1857
1859
3591
1858
1860
1862
1864
3594
1863
1865
1867
1869
3597
1868
1870
1872
1874
3600
1873
1875
1877
1879
3603
1878
1880
1882
1884
3606
1883
1885
1889
1890
1891
1893
1892
1894
1896
1897
1898
1900
1899
1901
1903
1904
1905
1907
1906
1908
1910
1911
1912
1914
1913
1915
1917
1918
1919
1921
1920
1922
1924
1925
1926
1928
1927
1929
1931
1932
1933
1935
1934
1936
1938
1939
1940
1942
1941
1943
1947
1949
1948
1950
1952
1954
1953
1955
1957
1959
1958
1960
1962
1964
1963
1965
1967
1969
1968
1970
1972
1974
1973
1975
1977
1979
1978
1980
1982
1984
1983
1985
1989
1991
1990
1992
1994
1996
1995
1997
1999
2001
2000
2002
2004
2006
2005
2007
2009
2011
2010
2012
2014
2016
2015
2017
2019
2021
2020
2022
2024
2026
2025
2027
2031
2033
2032
2034
2036
2038
2037
2039
2041
2043
2042
2044
2046
2048
2047
2049
2051
2053
2052
2054
2056
2058
2057
2059
2061
2063
2062
2064
2066
2068
2067
2069
2073
2075
2074
2076
2078
2080
2079
2081
2083
2085
2084
2086
2088
2090
2089
2091
2093
2095
2094
2096
2098
2100
2099
2101
2103
2105
2104
2106
2108
2110
2109
2111
2115
2117
2116
2118
2120
2122
2121
2123
2125
2127
2126
2128
2130
2132
2131
2133
2135
2137
2136
2138
2140
2142
2141
2143
2145
2147
2146
2148
2150
2152
2151
2153
2157
2159
2158
2160
2162
2164
2163
2165
2167
2169
2168
2170
2172
2174
2173
2175
2177
2179
2178
2180
2182
2184
2183
2185
2187
2189
2188
2190
2192
2194
2193
2195
2199
2201
3729
2200
2202
2204
2206
3732
2205
2207
2209
2211
3735
2210
2212
2214
2216
3738
2215
2217
2219
2221
3741
2220
2222
2224
2226
3744
2225
2227
2229
2231
3747
2230
2232
2234
2236
3750
2235
2237
2241
2242
2243
2245
2244
2246
2248
2249
2250
2252
2251
2253
2255
2256
2257
2259
2258
2260
2262
2263
2264
2266
2265
2267
2269
2270
2271
2273
2272
2274
2276
2277
2278
2280
2279
2281
2283
2284
2285
2287
2286
2288
2290
2291
2292
2294
2293
2295
2299
2301
2300
2302
2304
2306
2305
2307
2309
2311
2310
2312
2314
2316
2315
2317
2319
2321
2320
2322
2324
2326
2325
2327
2329
2331
2330
2332
2334
2336
2335
2337
2341
2343
2342
2344
2346
2348
2347
2349
2351
2353
2352
2354
2356
2358
2357
2359
2361
2363
2362
2364
2366
2368
2367
2369
2371
2373
2372
2374
2376
2378
2377
2379
2383
2385
2384
2386
2388
2390
2389
2391
2393
2395
2394
2396
2398
2400
2399
2401
2403
2405
2404
2406
2408
2410
2409
2411
2413
2415
2414
2416
2418
2420
2419
2421
2425
2427
2426
2428
2430
2432
2431
2433
2435
2437
2436
2438
2440
2442
2441
2443
2445
2447
2446
2448
2450
2452
2451
2453
2455
2457
2456
2458
2460
2462
2461
2463
2467
2469
2468
2470
2472
2474
2473
2475
2477
2479
2478
2480
2482
2484
2483
2485
2487
2489
2488
2490
2492
2494
2493
2495
2497
2499
2498
2500
2502
2504
2503
2505
2509
2511
2510
2512
2514
2516
2515
2517
2519
2521
2520
2522
2524
2526
2525
2527
2529
2531
2530
2532
2534
2536
2535
2537
2539
2541
2540
2542
2544
2546
2545
2547
2551
2553
3873
2552
2554
2556
2558
3876
2557
2559
2561
2563
3879
2562
2564
2566
2568
3882
2567
2569
2571
2573
3885
2572
2574
2576
2578
3888
2577
2579
2581
2583
3891
2582
2584
2586
2588
3894
2587
2589
2593
2594
2595
2597
2596
2598
2946
2600
2601
2602
2604
2603
2605
2950
2607
2608
2609
2611
2610
2612
2954
2614
2615
2616
2618
2617
2619
2958
2621
2622
2623
2625
2624
2626
2962
2628
2629
2630
2632
2631
2633
2966
2635
2636
2637
2639
2638
2640
2970
2642
2643
2644
2646
2645
2647
2974
2651
2653
2652
2654
2978
2656
2658
2657
2659
2981
2661
2663
2662
2664
2984
2666
2668
2667
2669
2987
2671
2673
2672
2674
2990
2676
2678
2677
2679
2993
2681
2683
2682
2684
2996
2686
2688
2687
2689
2999
2693
2695
2694
2696
3003
2698
2700
2699
2701
3006
2703
2705
2704
2706
3009
2708
2710
2709
2711
3012
2713
2715
2714
2716
3015
2718
2720
2719
2721
3018
2723
2725
2724
2726
3021
2728
2730
2729
2731
3024
2735
2737
2736
2738
3028
2740
2742
2741
2743
3031
2745
2747
2746
2748
3034
2750
2752
2751
2753
3037
2755
2757
2756
2758
3040
2760
2762
2761
2763
3043
2765
2767
2766
2768
3046
2770
2772
2771
2773
3049
2777
2779
2778
2780
3053
2782
2784
2783
2785
3056
2787
2789
2788
2790
3059
2792
2794
2793
2795
3062
2797
2799
2798
2800
3065
2802
2804
2803
2805
3068
2807
2809
2808
2810
3071
2812
2814
2813
2815
3074
2819
2821
2820
2822
3078
2824
2826
2825
2827
3081
2829
2831
2830
2832
3084
2834
2836
2835
2837
3087
2839
2841
2840
2842
3090
2844
2846
2845
2847
3093
2849
2851
2850
2852
3096
2854
2856
2855
2857
3099
2861
2863
2862
2864
3103
2866
2868
2867
2869
3106
2871
2873
2872
2874
3109
2876
2878
2877
2879
3112
2881
2883
2882
2884
3115
2886
2888
2887
2889
3118
2891
2893
2892
2894
3121
2896
2898
2897
2899
3124
2903
2905
4017
2904
2906
3128
2908
2910
4020
2909
2911
3131
2913
2915
4023
2914
2916
3134
2918
2920
4026
2919
2921
3137
2923
2925
4029
2924
2926
3140
2928
2930
4032
2929
2931
3143
2933
2935
4035
2934
2936
3146
2938
2940
4038
2939
2941
3149
0
9
2947
2948
18
2951
2952
27
2955
2956
36
2959
2960
45
2963
2964
54
2967
2968
63
2971
2972
72
2975
2976
73
2944
74
81
2979
2980
88
2982
2983
95
2985
2986
102
2988
2989
109
2991
2992
116
2994
2995
123
2997
2998
130
3000
3001
131
2977
132
139
3004
3005
146
3007
3008
153
3010
3011
160
3013
3014
167
3016
3017
174
3019
3020
181
3022
3023
188
3025
3026
189
3002
190
197
3029
3030
204
3032
3033
211
3035
3036
218
3038
3039
225
3041
3042
232
3044
3045
239
3047
3048
246
3050
3051
247
3027
248
255
3054
3055
262
3057
3058
269
3060
3061
276
3063
3064
283
3066
3067
290
3069
3070
297
3072
3073
304
3075
3076
305
3052
306
313
3079
3080
320
3082
3083
327
3085
3086
334
3088
3089
341
3091
3092
348
3094
3095
355
3097
3098
362
3100
3101
363
3077
364
371
3104
3105
378
3107
3108
385
3110
3111
392
3113
3114
399
3116
3117
406
3119
3120
413
3122
3123
420
3125
3126
421
3102
422
429
3129
3130
436
3132
3133
443
3135
3136
450
3138
3139
457
3141
3142
464
3144
3145
471
3147
3148
478
3150
3151
479
3127
480
487
3154
3155
494
3157
3158
501
3160
3161
508
3163
3164
515
3166
3167
522
3169
3170
529
3172
3173
536
3175
3176
537
3152
538
543
3178
3179
548
3180
3181
553
3182
3183
558
3184
3185
563
3186
3187
568
3188
3189
573
3190
3191
578
3192
3193
579
3177
580
585
3195
3196
590
3197
3198
595
3199
3200
600
3201
3202
605
3203
3204
610
3205
3206
615
3207
3208
620
3209
3210
621
3194
622
627
3212
3213
632
3214
3215
637
3216
3217
642
3218
3219
647
3220
3221
652
3222
3223
657
3224
3225
662
3226
3227
663
3211
664
669
3229
3230
674
3231
3232
679
3233
3234
684
3235
3236
689
3237
3238
694
3239
3240
699
3241
3242
704
3243
3244
705
3228
706
711
3246
3247
716
3248
3249
721
3250
3251
726
3252
3253
731
3254
3255
736
3256
3257
741
3258
3259
746
3260
3261
747
3245
748
753
3263
3264
758
3265
3266
763
3267
3268
768
3269
3270
773
3271
3272
778
3273
3274
783
3275
3276
788
3277
3278
789
3262
790
795
3280
3281
800
3282
3283
805
3284
3285
810
3286
3287
815
3288
3289
820
3290
3291
825
3292
3293
830
3294
3295
831
3279
832
839
3298
3299
846
3301
3302
853
3304
3305
860
3307
3308
867
3310
3311
874
3313
3314
881
3316
3317
888
3319
3320
889
3296
890
895
3322
3323
900
3324
3325
905
3326
3327
910
3328
3329
915
3330
3331
920
3332
3333
925
3334
3335
930
3336
3337
931
3321
932
937
3339
3340
942
3341
3342
947
3343
3344
952
3345
3346
957
3347
3348
962
3349
3350
967
3351
3352
972
3353
3354
973
3338
974
979
3356
3357
984
3358
3359
989
3360
3361
994
3362
3363
999
3364
3365
1004
3366
3367
1009
3368
3369
1014
3370
3371
1015
3355
1016
1021
3373
3374
1026
3375
3376
1031
3377
3378
1036
3379
3380
1041
3381
3382
1046
3383
3384
1051
3385
3386
1056
3387
3388
1057
3372
1058
1063
3390
3391
1068
3392
3393
1073
3394
3395
1078
3396
3397
1083
3398
3399
1088
3400
3401
1093
3402
3403
1098
3404
3405
1099
3389
1100
1105
3407
3408
1110
3409
3410
1115
3411
3412
1120
3413
3414
1125
3415
3416
1130
3417
3418
1135
3419
3420
1140
3421
3422
1141
3406
1142
1147
3424
3425
1152
3426
3427
1157
3428
3429
1162
3430
3431
1167
3432
3433
1172
3434
3435
1177
3436
3437
1182
3438
3439
1183
3423
1184
1191
3442
3443
1198
3445
3446
1205
3448
3449
1212
3451
3452
1219
3454
3455
1226
3457
3458
1233
3460
3461
1240
3463
3464
1241
3440
1242
1247
3466
3467
1252
3468
3469
1257
3470
3471
1262
3472
3473
1267
3474
3475
1272
3476
3477
1277
3478
3479
1282
3480
3481
1283
3465
1284
1289
3483
3484
1294
3485
3486
1299
3487
3488
1304
3489
3490
1309
3491
3492
1314
3493
3494
1319
3495
3496
1324
3497
3498
1325
3482
1326
1331
3500
3501
1336
3502
3503
1341
3504
3505
1346
3506
3507
1351
3508
3509
1356
3510
3511
1361
3512
3513
1366
3514
3515
1367
3499
1368
1373
3517
3518
1378
3519
3520
1383
3521
3522
1388
3523
3524
1393
3525
3526
1398
3527
3528
1403
3529
3530
1408
3531
3532
1409
3516
1410
1415
3534
3535
1420
3536
3537
1425
3538
3539
1430
3540
3541
1435
3542
3543
1440
3544
3545
1445
3546
3547
1450
3548
3549
1451
3533
1452
1457
3551
3552
1462
3553
3554
1467
3555
3556
1472
3557
3558
1477
3559
3560
1482
3561
3562
1487
3563
3564
1492
3565
3566
1493
3550
1494
1499
3568
3569
1504
3570
3571
1509
3572
3573
1514
3574
3575
1519
3576
3577
1524
3578
3579
1529
3580
3581
1534
3582
3583
1535
3567
1536
1543
3586
3587
1550
3589
3590
1557
3592
3593
1564
3595
3596
1571
3598
3599
1578
3601
3602
1585
3604
3605
1592
3607
3608
1593
3584
1594
1599
3610
3611
1604
3612
3613
1609
3614
3615
1614
3616
3617
1619
3618
3619
1624
3620
3621
1629
3622
3623
1634
3624
3625
1635
3609
1636
1641
3627
3628
1646
3629
3630
1651
3631
3632
1656
3633
3634
1661
3635
3636
1666
3637
3638
1671
3639
3640
1676
3641
3642
1677
3626
1678
1683
3644
3645
1688
3646
3647
1693
3648
3649
1698
3650
3651
1703
3652
3653
1708
3654
3655
1713
3656
3657
1718
3658
3659
1719
3643
1720
1725
3661
3662
1730
3663
3664
1735
3665
3666
1740
3667
3668
1745
3669
3670
1750
3671
3672
1755
3673
3674
1760
3675
3676
1761
3660
1762
1767
3678
3679
1772
3680
3681
1777
3682
3683
1782
3684
3685
1787
3686
3687
1792
3688
3689
1797
3690
3691
1802
3692
3693
1803
3677
1804
1809
3695
3696
1814
3697
3698
1819
3699
3700
1824
3701
3702
1829
3703
3704
1834
3705
3706
1839
3707
3708
1844
3709
3710
1845
3694
1846
1851
3712
3713
1856
3714
3715
1861
3716
3717
1866
3718
3719
1871
3720
3721
1876
3722
3723
1881
3724
3725
1886
3726
3727
1887
3711
1888
1895
3730
3731
1902
3733
3734
1909
3736
3737
1916
3739
3740
1923
3742
3743
1930
3745
3746
1937
3748
3749
1944
3751
3752
1945
3728
1946
1951
3754
3755
1956
3756
3757
1961
3758
3759
1966
3760
3761
1971
3762
3763
1976
3764
3765
1981
3766
3767
1986
3768
3769
1987
3753
1988
1993
3771
3772
1998
3773
3774
2003
3775
3776
2008
3777
3778
2013
3779
3780
2018
3781
3782
2023
3783
3784
2028
3785
3786
2029
3770
2030
2035
3788
3789
2040
3790
3791
2045
3792
3793
2050
3794
3795
2055
3796
3797
2060
3798
3799
2065
3800
3801
2070
3802
3803
2071
3787
2072
2077
3805
3806
2082
3807
3808
2087
3809
3810
2092
3811
3812
2097
3813
3814
2102
3815
3816
2107
3817
3818
2112
3819
3820
2113
3804
2114
2119
3822
3823
2124
3824
3825
2129
3826
3827
2134
3828
3829
2139
3830
3831
2144
3832
3833
2149
3834
3835
2154
3836
3837
2155
3821
2156
2161
3839
3840
2166
3841
3842
2171
3843
3844
2176
3845
3846
2181
3847
3848
2186
3849
3850
2191
3851
3852
2196
3853
3854
2197
3838
2198
2203
3856
3857
2208
3858
3859
2213
3860
3861
2218
3862
3863
2223
3864
3865
2228
3866
3867
2233
3868
3869
2238
3870
3871
2239
3855
2240
2247
3874
3875
2254
3877
3878
2261
3880
3881
2268
3883
3884
2275
3886
3887
2282
3889
3890
2289
3892
3893
2296
3895
3896
2297
3872
2298
2303
3898
3899
2308
3900
3901
2313
3902
3903
2318
3904
3905
2323
3906
3907
2328
3908
3909
2333
3910
3911
2338
3912
3913
2339
3897
2340
2345
3915
3916
2350
3917
3918
2355
3919
3920
2360
3921
3922
2365
3923
3924
2370
3925
3926
2375
3927
3928
2380
3929
3930
2381
3914
2382
2387
3932
3933
2392
3934
3935
2397
3936
3937
2402
3938
3939
2407
3940
3941
2412
3942
3943
2417
3944
3945
2422
3946
3947
2423
3931
2424
2429
3949
3950
2434
3951
3952
2439
3953
3954
2444
3955
3956
2449
3957
3958
2454
3959
3960
2459
3961
3962
2464
3963
3964
2465
3948
2466
2471
3966
3967
2476
3968
3969
2481
3970
3971
2486
3972
3973
2491
3974
3975
2496
3976
3977
2501
3978
3979
2506
3980
3981
2507
3965
2508
2513
3983
3984
2518
3985
3986
2523
3987
3988
2528
3989
3990
2533
3991
3992
2538
3993
3994
2543
3995
3996
2548
3997
3998
2549
3982
2550
2555
4000
4001
2560
4002
4003
2565
4004
4005
2570
4006
4007
2575
4008
4009
2580
4010
4011
2585
4012
4013
2590
4014
4015
2591
3999
2592
2599
4018
4019
2606
4021
4022
2613
4024
4025
2620
4027
4028
2627
4030
4031
2634
4033
4034
2641
4036
4037
2648
4039
4040
2649
4016
2650
2655
4042
4043
2660
4044
4045
2665
4046
4047
2670
4048
4049
2675
4050
4051
2680
4052
4053
2685
4054
4055
2690
4056
4057
2691
4041
2692
2697
4059
4060
2702
4061
4062
2707
4063
4064
2712
4065
4066
2717
4067
4068
2722
4069
4070
2727
4071
4072
2732
4073
4074
2733
4058
2734
2739
4076
4077
2744
4078
4079
2749
4080
4081
2754
4082
4083
2759
4084
4085
2764
4086
4087
2769
4088
4089
2774
4090
4091
2775
4075
2776
2781
4093
4094
2786
4095
4096
2791
4097
4098
2796
4099
4100
2801
4101
4102
2806
4103
4104
2811
4105
4106
2816
4107
4108
2817
4092
2818
2823
4110
4111
2828
4112
4113
2833
4114
4115
2838
4116
4117
2843
4118
4119
2848
4120
4121
2853
4122
4123
2858
4124
4125
2859
4109
2860
2865
4127
4128
2870
4129
4130
2875
4131
4132
2880
4133
4134
2885
4135
4136
2890
4137
4138
2895
4139
4140
2900
4141
4142
2901
4126
2902
2907
4144
4145
2912
4146
4147
2917
4148
4149
2922
4150
4151
2927
4152
4153
2932
4154
4155
2937
4156
4157
2942
4158
4159
2943
4143
