0
1
2
3
14
16
38
40
258
260
321
323
325
327
369
371
373
375
417
419
421
423
15
17
39
41
259
261
282
284
286
322
324
326
328
370
372
374
376
418
420
422
424
283
285
287
234
236
8
11
26
29
32
35
50
53
56
59
84
87
345
348
351
354
357
360
363
366
393
396
399
402
405
408
411
414
441
444
447
450
2580
2582
2584
2586
2588
2590
2592
2594
2596
2598
2600
2602
2604
2606
2608
2610
2612
2614
2616
2618
2620
2622
2624
2626
2628
2630
2632
2634
2636
2638
2640
2642
453
456
459
462
4
5
9
1752
10
1754
6
7
12
1753
13
1755
1751
18
19
27
1760
28
1764
20
21
30
1761
31
1765
1757
22
23
33
1762
34
1766
1749
24
25
36
1763
37
1767
1759
1750
42
43
51
1772
52
1776
44
45
54
1773
55
1777
1769
46
47
57
1774
58
1778
1756
48
49
60
1775
61
1779
1771
1758
80
81
85
1790
82
83
88
1791
300
303
306
309
312
315
329
330
346
1916
331
332
349
1917
333
334
352
1918
335
336
355
1919
337
338
358
1920
339
340
361
1921
341
342
364
1922
343
344
367
1923
377
378
394
1940
379
380
397
1941
381
382
400
1942
383
384
403
1943
385
386
406
1944
387
388
409
1945
389
390
412
1946
391
392
415
1947
425
426
442
1964
427
428
445
1965
429
430
448
1966
431
432
451
1967
433
434
454
1968
435
436
457
1969
437
438
460
1970
439
440
463
1971
186
188
210
212
235
237
601
603
605
607
288
289
301
1896
290
291
304
1897
292
293
307
1898
294
295
310
1899
296
297
313
1900
298
299
316
1901
780
786
792
798
2644
2646
2648
2650
2652
2654
2656
2658
2660
2662
2664
2666
2668
2670
804
810
816
822
828
834
840
846
2672
2674
2676
2678
2680
2682
2684
2686
852
858
864
870
1064
1070
1076
1082
2688
2690
2692
2694
2696
2698
2700
2702
1088
1094
1100
1106
1112
1118
1124
1130
2704
2706
2708
2710
2712
2714
2716
2718
1136
1142
1148
1154
689
691
693
695
777
783
789
795
801
807
813
819
825
831
837
843
849
855
861
867
778
779
781
2125
784
785
787
2128
790
791
793
2131
796
797
799
2134
802
803
805
2137
808
809
811
2140
814
815
817
2143
820
821
823
2146
826
827
829
2149
832
833
835
2152
838
839
841
2155
844
845
847
2158
850
851
853
2161
856
857
859
2164
862
863
865
2167
868
869
871
2170
1062
1063
1065
2261
1068
1069
1071
2264
1074
1075
1077
2267
1080
1081
1083
2270
1086
1087
1089
2273
1092
1093
1095
2276
1098
1099
1101
2279
1104
1105
1107
2282
1110
1111
1113
2285
1116
1117
1119
2288
1122
1123
1125
2291
1128
1129
1131
2294
1134
1135
1137
2297
1140
1141
1143
2300
1146
1147
1149
2303
1152
1153
1155
2306
72
2720
2722
2724
2726
2728
75
102
2730
105
2732
108
2734
111
2736
126
2738
129
2740
132
2742
135
2744
150
2746
153
2748
156
2750
159
2752
174
2754
177
2756
180
2758
183
2760
198
2762
201
2764
204
2766
207
2768
222
2770
225
2772
228
2774
231
2776
246
2778
249
2780
252
2782
255
2784
489
2786
492
2788
495
2790
498
2792
501
2794
504
2796
507
2798
510
2800
553
2802
556
2804
559
2806
562
2808
565
2810
568
2812
571
2814
574
2816
577
2818
580
2820
583
2822
586
2824
589
2826
592
2828
595
2830
598
2832
641
2834
644
2836
647
2838
650
2840
653
2842
656
2844
659
2846
662
2848
665
2850
668
2852
671
2854
674
2856
677
2858
680
2860
683
2862
686
2864
729
2866
732
2868
735
2870
738
2872
741
2874
744
2876
747
2878
750
2880
753
2882
756
2884
759
2886
762
2888
765
2890
768
2892
771
2894
774
2896
925
2898
928
2900
931
2902
934
2904
937
2906
940
2908
943
2910
946
2912
949
2914
952
2916
955
2918
958
2920
961
2922
964
2924
967
2926
970
2928
1013
2930
1016
2932
1019
2934
1022
2936
1025
2938
1028
2940
1031
2942
1034
2944
1037
2946
1040
2948
1043
2950
1046
2952
1049
2954
1052
2956
1055
2958
1058
2960
1193
2962
1196
2964
1199
2966
1202
2968
1205
2970
1208
2972
1211
2974
1214
2976
1257
2978
1260
2980
1263
2982
1266
2984
1269
2986
1272
2988
1275
2990
1278
2992
1281
2994
1284
2996
1287
2998
1290
3000
1293
3002
1296
3004
1299
3006
1302
3008
1345
3010
1348
3012
1351
3014
1354
3016
1357
3018
1360
3020
1363
3022
1366
3024
1369
3026
1372
3028
1375
3030
1378
3032
1381
3034
1384
3036
1387
3038
1390
3040
1433
3042
1436
3044
1439
3046
1442
3048
1445
3050
1448
3052
1451
3054
1454
3056
1457
3058
1460
3060
1463
3062
1466
3064
1469
3066
1472
3068
1475
3070
1478
3072
1521
3074
1524
3076
1527
3078
1530
3080
1533
3082
1536
3084
1539
3086
1542
3088
1545
3090
1548
3092
1551
3094
1554
3096
1557
3098
1560
3100
1563
3102
1566
3104
1609
3106
1612
3108
1615
3110
1618
3112
1621
3114
1624
3116
1627
3118
1630
3120
1633
3122
1636
3124
1639
3126
1642
3128
1645
3130
1648
3132
1651
3134
1654
3136
1697
3138
1700
3140
1703
3142
1706
3144
1709
3146
1712
3148
1715
3150
1718
3152
1721
3154
1724
3156
1727
3158
1730
3160
1733
3162
1736
3164
1739
3166
1742
162
164
187
189
211
213
3168
270
3170
3172
273
3174
276
3176
279
465
467
469
471
513
515
517
519
602
604
606
608
690
692
694
696
885
887
889
891
68
69
73
1784
70
71
76
1785
94
95
103
1798
96
97
106
1799
98
99
109
1800
100
101
112
1801
118
119
127
1810
120
121
130
1811
122
123
133
1812
124
125
136
1813
142
143
151
1822
144
145
154
1823
146
147
157
1824
148
149
160
1825
166
167
175
1834
168
169
178
1835
170
171
181
1836
172
173
184
1837
190
191
199
1846
192
193
202
1847
194
195
205
1848
196
197
208
1849
214
215
223
1858
216
217
226
1859
218
219
229
1860
220
221
232
1861
238
239
247
1870
240
241
250
1871
242
243
253
1872
244
245
256
1873
473
474
490
1988
475
476
493
1989
477
478
496
1990
479
480
499
1991
481
482
502
1992
483
484
505
1993
485
486
508
1994
487
488
511
1995
521
522
554
2012
523
524
557
2013
525
526
560
2014
527
528
563
2015
529
530
566
2016
531
532
569
2017
533
534
572
2018
535
536
575
2019
537
538
578
2020
539
540
581
2021
541
542
584
2022
543
544
587
2023
545
546
590
2024
547
548
593
2025
549
550
596
2026
551
552
599
2027
609
610
642
2052
611
612
645
2053
613
614
648
2054
615
616
651
2055
617
618
654
2056
619
620
657
2057
621
622
660
2058
623
624
663
2059
625
626
666
2060
627
628
669
2061
629
630
672
2062
631
632
675
2063
633
634
678
2064
635
636
681
2065
637
638
684
2066
639
640
687
2067
697
698
730
2092
699
700
733
2093
701
702
736
2094
703
704
739
2095
705
706
742
2096
707
708
745
2097
709
710
748
2098
711
712
751
2099
713
714
754
2100
715
716
757
2101
717
718
760
2102
719
720
763
2103
721
722
766
2104
723
724
769
2105
725
726
772
2106
727
728
775
2107
893
894
926
2188
895
896
929
2189
897
898
932
2190
899
900
935
2191
901
902
938
2192
903
904
941
2193
905
906
944
2194
907
908
947
2195
909
910
950
2196
911
912
953
2197
913
914
956
2198
915
916
959
2199
917
918
962
2200
919
920
965
2201
921
922
968
2202
923
924
971
2203
981
982
1014
2228
983
984
1017
2229
985
986
1020
2230
987
988
1023
2231
989
990
1026
2232
991
992
1029
2233
993
994
1032
2234
995
996
1035
2235
997
998
1038
2236
999
1000
1041
2237
1001
1002
1044
2238
1003
1004
1047
2239
1005
1006
1050
2240
1007
1008
1053
2241
1009
1010
1056
2242
1011
1012
1059
2243
1177
1178
1194
2324
1179
1180
1197
2325
1181
1182
1200
2326
1183
1184
1203
2327
1185
1186
1206
2328
1187
1188
1209
2329
1189
1190
1212
2330
1191
1192
1215
2331
1225
1226
1258
2348
1227
1228
1261
2349
1229
1230
1264
2350
1231
1232
1267
2351
1233
1234
1270
2352
1235
1236
1273
2353
1237
1238
1276
2354
1239
1240
1279
2355
1241
1242
1282
2356
1243
1244
1285
2357
1245
1246
1288
2358
1247
1248
1291
2359
1249
1250
1294
2360
1251
1252
1297
2361
1253
1254
1300
2362
1255
1256
1303
2363
1313
1314
1346
2388
1315
1316
1349
2389
1317
1318
1352
2390
1319
1320
1355
2391
1321
1322
1358
2392
1323
1324
1361
2393
1325
1326
1364
2394
1327
1328
1367
2395
1329
1330
1370
2396
1331
1332
1373
2397
1333
1334
1376
2398
1335
1336
1379
2399
1337
1338
1382
2400
1339
1340
1385
2401
1341
1342
1388
2402
1343
1344
1391
2403
1401
1402
1434
2428
1403
1404
1437
2429
1405
1406
1440
2430
1407
1408
1443
2431
1409
1410
1446
2432
1411
1412
1449
2433
1413
1414
1452
2434
1415
1416
1455
2435
1417
1418
1458
2436
1419
1420
1461
2437
1421
1422
1464
2438
1423
1424
1467
2439
1425
1426
1470
2440
1427
1428
1473
2441
1429
1430
1476
2442
1431
1432
1479
2443
1489
1490
1522
2468
1491
1492
1525
2469
1493
1494
1528
2470
1495
1496
1531
2471
1497
1498
1534
2472
1499
1500
1537
2473
1501
1502
1540
2474
1503
1504
1543
2475
1505
1506
1546
2476
1507
1508
1549
2477
1509
1510
1552
2478
1511
1512
1555
2479
1513
1514
1558
2480
1515
1516
1561
2481
1517
1518
1564
2482
1519
1520
1567
2483
1577
1578
1610
2508
1579
1580
1613
2509
1581
1582
1616
2510
1583
1584
1619
2511
1585
1586
1622
2512
1587
1588
1625
2513
1589
1590
1628
2514
1591
1592
1631
2515
1593
1594
1634
2516
1595
1596
1637
2517
1597
1598
1640
2518
1599
1600
1643
2519
1601
1602
1646
2520
1603
1604
1649
2521
1605
1606
1652
2522
1607
1608
1655
2523
1665
1666
1698
2548
1667
1668
1701
2549
1669
1670
1704
2550
1671
1672
1707
2551
1673
1674
1710
2552
1675
1676
1713
2553
1677
1678
1716
2554
1679
1680
1719
2555
1681
1682
1722
2556
1683
1684
1725
2557
1685
1686
1728
2558
1687
1688
1731
2559
1689
1690
1734
2560
1691
1692
1737
2561
1693
1694
1740
2562
1695
1696
1743
2563
262
263
271
1882
264
265
274
1883
266
267
277
1884
268
269
280
1885
873
3178
3180
3182
3184
3186
3188
3190
3192
3194
3196
3198
3200
3202
3204
3206
3208
3210
3212
3214
3216
3218
3220
3222
3224
3226
3228
3230
3232
3234
3236
3238
3240
3242
3244
3246
3248
3250
3252
3254
3256
3258
3260
3262
3264
3266
3268
3270
3272
3274
3276
3278
3280
3282
3284
3286
3288
3290
3292
3294
3296
3298
3300
3302
3304
3306
3308
3310
3312
3314
3316
3318
3320
3322
3324
3326
3328
3330
3332
3334
3336
3338
3340
3342
3344
3346
3348
3350
3352
3354
3356
3358
3360
3362
3364
3366
874
876
877
879
880
882
883
973
975
977
979
1061
1067
1073
1079
1085
1091
1097
1103
1109
3368
1115
3370
1121
3372
1127
3374
1133
3376
1139
3378
1145
3380
1151
3382
3384
3386
3388
3390
3392
3394
3396
3398
3400
3402
3404
3406
3408
3410
3412
3414
3416
3418
3420
62
63
90
92
114
116
138
140
163
3422
165
3424
466
3426
468
3428
470
3430
472
3432
514
3434
516
3436
518
3438
520
3440
886
3442
888
3444
890
3446
892
3448
974
3450
976
3452
978
3454
980
3456
1169
3458
1171
3460
1173
3462
1175
3464
1217
3466
1219
3468
1221
3470
1223
3472
1305
3474
1307
3476
1309
3478
1311
3480
3482
3484
3486
3488
3490
3492
3494
3496
64
65
66
67
74
1786
77
1787
78
86
1792
79
89
1782
1783
1793
1157
1158
3498
1160
3500
1161
3502
1163
3504
1164
3506
1166
3508
1167
3510
1393
3512
1395
3514
1397
3516
1399
3518
1481
3520
1483
3522
1485
3524
1487
3526
1569
3528
1571
3530
1573
3532
1575
3534
1657
3536
1659
3538
1661
3540
1663
3542
3544
3546
3548
91
104
1802
107
1795
1788
1803
93
110
1780
1804
113
1797
1789
1781
1805
115
128
1814
131
1807
1815
117
134
1816
137
1809
1817
139
152
1826
155
1819
1794
1827
176
1838
182
1840
491
1996
497
1998
503
2000
509
2002
141
158
1806
1828
161
1821
1796
1808
1829
179
1831
1839
185
1833
1841
200
1850
203
1843
1851
1768
206
1830
1852
209
1832
1845
1853
1770
224
1862
227
1855
1863
230
1864
1842
233
1857
1865
1844
248
1874
251
1875
1867
254
1876
1854
257
1877
1856
1869
272
1886
275
1887
1879
278
1888
1866
281
1889
1868
1881
302
1902
305
1903
1891
308
1904
311
1905
1893
314
1906
317
1907
1895
318
1890
319
1892
320
1894
347
1924
350
1925
1909
353
1926
356
1927
1911
359
1928
362
1929
1913
365
1930
368
1931
1915
395
1948
398
1949
1933
401
1950
404
1951
1935
407
1952
410
1953
1937
413
1954
416
1955
1939
443
1972
446
1973
1957
449
1974
452
1975
1959
455
1976
458
1977
1961
461
1978
1878
464
1979
1963
1880
494
1981
1997
500
1983
1999
506
1985
2001
512
1987
2003
555
2028
558
2029
561
2030
564
2005
2031
567
2032
570
2033
573
2034
576
2007
2035
579
2036
582
2037
585
2038
588
2009
2039
591
1980
2040
594
1982
2041
597
1984
2042
600
2011
1986
2043
643
2068
646
2069
649
2070
652
2045
2071
655
2072
658
2073
661
2074
664
2047
2075
667
2076
670
2077
673
2078
676
2049
2079
679
2080
682
2081
685
2082
688
2051
2083
731
2108
734
2109
737
2110
740
2085
2111
1908
743
2112
746
2113
749
2114
752
2087
2115
1910
755
2116
758
2117
761
2118
764
2089
2119
1912
767
2120
2044
770
2121
2046
773
2122
2048
776
2091
2123
2050
1914
782
2126
788
2129
794
2132
800
2135
806
2138
812
2141
818
2144
824
2147
830
2150
836
2153
842
2156
848
2159
854
2084
2162
860
2086
2165
866
2088
2168
872
2090
2171
875
2173
2124
2136
2148
2160
878
2175
2127
2139
2151
2163
881
2177
2130
2142
2154
2166
884
2179
2133
2145
2157
2169
927
2204
930
2205
933
2206
936
2181
2172
2207
939
2208
942
2209
945
2210
948
2183
2174
2211
951
2212
954
2213
957
2214
960
2185
2176
2215
963
2004
2216
966
2006
2217
969
2008
2218
972
2187
2178
2010
2219
1015
2244
1018
2245
1021
2246
1024
2221
2247
1932
1027
2248
1030
2249
1033
2250
1036
2223
2251
1934
1039
2252
1042
2253
1045
2254
1048
2225
2255
1936
1051
2180
2256
1054
2182
2257
1057
2184
2258
1060
2227
2186
2259
1938
1066
2262
1072
2265
1078
2268
1084
2271
1090
2274
1096
2277
1102
2280
1108
2283
1114
2286
1120
2289
1126
2292
1132
2295
1138
2220
2298
1144
2222
2301
1150
2224
2304
1156
2226
2307
1159
2309
2260
2272
2284
2296
1162
2311
2263
2275
2287
2299
1165
2313
2266
2278
2290
2302
1168
2315
2269
2281
2293
2305
1170
1195
2332
1198
2317
2308
2333
1172
1201
2334
1204
2319
2310
2335
1174
1207
2336
1210
2321
2312
2337
1176
1213
1818
2338
1216
2323
2314
1820
2339
1218
1259
2364
1262
2365
1265
2366
1268
2341
2367
1220
1271
2368
1274
2369
1277
2370
1280
2343
2371
1222
1283
2372
1286
2373
1289
2374
1292
2345
2375
1224
1295
2316
2376
1298
2318
2377
1301
2320
2378
1304
2347
2322
2379
1306
1347
2404
1350
2405
1353
2406
1356
2381
2407
1956
1308
1359
2408
1362
2409
1365
2410
1368
2383
2411
1958
1310
1371
2412
1374
2413
1377
2414
1380
2385
2415
1960
1312
1383
2340
2416
1386
2342
2417
1389
2344
2418
1392
2387
2346
2419
1962
1394
1435
2444
1438
2445
1441
2446
1444
2421
2447
1396
1447
2448
1450
2449
1453
2450
1456
2423
2451
1398
1459
2452
1462
2453
1465
2454
1468
2425
2455
1400
1471
2380
2456
1474
2382
2457
1477
2384
2458
1480
2427
2386
2459
1482
1523
2484
1526
2485
1529
2486
1532
2461
2487
1484
1535
2488
1538
2489
1541
2490
1544
2463
2491
1486
1547
2492
1550
2493
1553
2494
1556
2465
2495
1488
1559
2420
2496
1562
2422
2497
1565
2424
2498
1568
2467
2426
2499
1570
1611
2524
1614
2525
1617
2526
1620
2501
2527
1572
1623
2528
1626
2529
1629
2530
1632
2503
2531
1574
1635
2532
1638
2533
1641
2534
1644
2505
2535
1576
1647
2460
2536
1650
2462
2537
1653
2464
2538
1656
2507
2466
2539
1658
1699
2564
1702
2565
1705
2566
1708
2541
2567
1745
2540
1660
1711
2568
1714
2569
1717
2570
1720
2543
2571
1746
2542
1662
1723
2572
1726
2573
1729
2574
1732
2545
2575
1747
2544
1664
1735
2500
2576
1738
2502
2577
1741
2504
2578
1744
2547
2506
2579
1748
2546
