23
32
76
85
125
134
174
183
223
232
272
281
321
330
370
379
419
428
431
433
435
437
439
441
443
445
496
505
508
510
512
514
516
518
520
522
569
578
581
583
585
587
589
591
593
595
642
651
654
656
658
660
662
664
666
668
715
724
727
729
731
733
735
737
739
741
788
797
800
802
804
806
808
810
812
814
861
870
873
875
877
879
881
883
885
887
934
943
946
948
950
952
954
956
958
960
1011
1020
1023
1025
1027
1029
1031
1033
1035
1037
1088
1097
1100
1102
1104
1106
1108
1110
1112
1114
1161
1170
1173
1175
1177
1179
1181
1183
1185
1187
1234
1243
1246
1248
1250
1252
1254
1256
1258
1260
1307
1316
1319
1321
1323
1325
1327
1329
1331
1333
1380
1389
1392
1394
1396
1398
1400
1402
1404
1406
1453
1462
1465
1467
1469
1471
1473
1475
1477
1479
1526
1535
1538
1540
1542
1544
1546
1548
1550
1552
1603
1612
1615
1617
1619
1621
1623
1625
1627
1629
1680
1689
1692
1694
1696
1698
1700
1702
1704
1706
1753
1762
1765
1767
1769
1771
1773
1775
1777
1779
1826
1835
1838
1840
1842
1844
1846
1848
1850
1852
1899
1908
1911
1913
1915
1917
1919
1921
1923
1925
1972
1981
1984
1986
1988
1990
1992
1994
1996
1998
2045
2054
2057
2059
2061
2063
2065
2067
2069
2071
2118
2127
2130
2132
2134
2136
2138
2140
2142
2144
2195
2204
2207
2209
2211
2213
2215
2217
2219
2221
2272
2281
2284
2286
2288
2290
2292
2294
2296
2298
2345
2354
2357
2359
2361
2363
2365
2367
2369
2371
2418
2427
2430
2432
2434
2436
2438
2440
2442
2444
2491
2500
2503
2505
2507
2509
2511
2513
2515
2517
2564
2573
2576
2578
2580
2582
2584
2586
2588
2590
2637
2646
2649
2651
2653
2655
2657
2659
2661
2663
2710
2719
2722
2724
2726
2728
2730
2732
2734
2736
2787
2796
2799
2801
2803
2805
2807
2809
2811
2813
2864
2873
2876
2878
2880
2882
2884
2886
2888
2890
2937
2946
2949
2951
2953
2955
2957
2959
2961
2963
3010
3019
3022
3024
3026
3028
3030
3032
3034
3036
3083
3092
3095
3097
3099
3101
3103
3105
3107
3109
3156
3165
3168
3170
3172
3174
3176
3178
3180
3182
3229
3238
3241
3243
3245
3247
3249
3251
3253
3255
3302
3311
3314
3316
3318
3320
3322
3324
3326
3328
3379
3388
3391
3393
3395
3397
3399
3401
3403
3405
3456
3465
3468
3470
3472
3474
3476
3478
3480
3482
3529
3538
3541
3543
3545
3547
3549
3551
3553
3555
3602
3611
3614
3616
3618
3620
3622
3624
3626
3628
3675
3684
3687
3689
3691
3693
3695
3697
3699
3701
3748
3757
3760
3762
3764
3766
3768
3770
3772
3774
3821
3830
3833
3835
3837
3839
3841
3843
3845
3847
3894
3903
3906
3908
3910
3912
3914
3916
3918
3920
3971
3980
3983
3985
3987
3989
3991
3993
3995
3997
4033
4058
4067
4070
4072
4074
6952
6954
6956
6958
6960
6962
6964
6966
6968
6970
6972
6974
6976
6978
6980
6982
6984
6986
6988
6990
6992
6994
6996
6998
7000
7002
7004
7006
7008
7010
7012
7014
7016
7018
7020
7022
7024
7026
7028
7030
7032
7034
7036
7038
7040
7042
7044
7046
7048
7050
7052
7054
7056
7058
7060
7062
7064
7066
7068
7070
7072
7074
7076
7078
7080
7082
7084
7086
7088
7090
7092
7094
7096
7098
7100
7102
7104
7106
7108
7110
7112
7114
7116
7118
7120
7122
7124
7126
7128
7130
7132
7134
7136
7138
7140
7142
7144
7146
7148
7150
7152
7154
7156
7158
7160
7162
7164
7166
7168
7170
7172
7174
7176
7178
7180
7182
7184
7186
7188
7190
7192
7194
7196
7198
7200
7202
7204
7206
7208
7210
7212
7214
7216
7218
7220
7222
7224
7226
7228
7230
7232
7234
7236
7238
7240
7242
7244
7246
7248
7250
7252
7254
7256
7258
7260
7262
7264
7266
7268
7270
7272
7274
7276
7278
7280
7282
7284
7286
7288
7290
7292
7294
7296
7298
7300
7302
7304
7306
7308
7310
7312
7314
7316
7318
7320
7322
7324
7326
7328
7330
7332
7334
7336
7338
7340
7342
7344
7346
7348
7350
7352
7354
7356
7358
7360
7362
7364
7366
7368
7370
7372
7374
7376
7378
7380
7382
7384
7386
7388
7390
7392
7394
7396
7398
7400
7402
7404
7406
7408
7410
7412
7414
7416
7418
7420
7422
7424
7426
7428
7430
7432
7434
7436
7438
7440
7442
7444
7446
7448
7450
7452
7454
7456
7458
7460
7462
7464
7466
7468
7470
7472
7474
7476
7478
7480
7482
7484
7486
7488
7490
7492
7494
7496
7498
7500
7502
7504
7506
7508
7510
7512
7514
7516
7518
7520
7522
7524
7526
7528
7530
7532
7534
7536
7538
7540
7542
7544
7546
7548
7550
7552
7554
7556
7558
7560
7562
7564
7566
7568
7570
7572
7574
7576
7578
7580
7582
7584
7586
7588
7590
7592
7594
7596
7598
7600
7602
7604
7606
7608
7610
7612
7614
7616
7618
7620
7622
7624
7626
7628
7630
7632
7634
7636
7638
7640
7642
7644
7646
7648
7650
7652
7654
7656
7658
7660
7662
7664
7666
7668
7670
7672
7674
7676
7678
7680
7682
7684
7686
7688
7690
7692
7694
7696
7698
7700
7702
7704
7706
7708
7710
7712
7714
7716
7718
7720
7722
7724
7726
7728
7730
7732
7734
7736
7738
7740
7742
7744
7746
7748
7750
7752
7754
7756
7758
7760
7762
7764
7766
7768
7770
7772
7774
7776
7778
7780
7782
7784
7786
7788
7790
7792
7794
7796
7798
7800
7802
7804
7806
7808
7810
7812
7814
7816
7818
7820
7822
7824
7826
7828
7830
7832
7834
7836
7838
7840
7842
7844
7846
7848
7850
7852
7854
7856
7858
7860
7862
7864
7866
7868
7870
7872
7874
7876
7878
7880
7882
7884
7886
7888
7890
7892
7894
7896
7898
7900
7902
7904
7906
7908
7910
7912
7914
7916
7918
7920
7922
7924
7926
7928
7930
7932
7934
7936
7938
7940
7942
7944
7946
7948
7950
7952
7954
7956
7958
7960
7962
7964
7966
7968
7970
7972
7974
4076
4078
4080
4082
4084
4116
4141
4150
4153
4155
4157
4159
4161
4163
4165
4167
4199
4224
4233
4236
4238
4240
4242
4244
4246
4248
4250
4282
4307
4316
4319
4321
4323
4325
4327
4329
4331
4333
4365
4390
4399
4402
4404
4406
4408
4410
4412
4414
4416
4448
4473
4482
4485
4487
4489
4491
4493
4495
4497
4499
4531
4556
4565
4568
4570
4572
4574
4576
4578
4580
4582
4614
24
33
77
86
126
135
175
184
224
233
273
282
322
331
371
380
420
429
497
506
570
579
643
652
716
725
789
798
862
871
935
944
1012
1021
1089
1098
1162
1171
1235
1244
1308
1317
1381
1390
1454
1463
1527
1536
1604
1613
1681
1690
1754
1763
1827
7976
7978
7980
7982
7984
7986
7988
7990
7992
7994
7996
7998
8000
8002
8004
8006
8008
8010
8012
8014
8016
8018
8020
8022
8024
8026
8028
8030
8032
8034
8036
8038
8040
8042
8044
8046
8048
8050
8052
8054
8056
8058
8060
8062
8064
8066
8068
8070
8072
8074
8076
8078
8080
8082
8084
8086
8088
8090
8092
8094
8096
8098
8100
8102
8104
8106
8108
8110
8112
8114
8116
8118
8120
8122
8124
8126
8128
8130
8132
8134
8136
8138
8140
8142
8144
8146
8148
8150
8152
8154
8156
8158
8160
8162
8164
8166
8168
8170
8172
8174
8176
8178
8180
8182
8184
8186
8188
8190
8192
8194
8196
8198
8200
8202
8204
8206
8208
8210
8212
8214
8216
8218
8220
8222
8224
8226
8228
1836
1900
1909
1973
1982
2046
2055
2119
2128
2196
2205
2273
2282
2346
2355
2419
2428
2492
2501
2565
2574
2638
2647
2711
2720
2788
2797
2865
2874
2938
2947
3011
3020
3084
3093
3157
3166
3230
3239
3303
3312
3380
3389
3457
3466
3530
3539
3603
3612
3676
3685
3749
3758
3822
3831
3895
3904
3972
3981
4059
4068
4142
4151
4225
8230
8232
8234
8236
8238
8240
8242
8244
8246
8248
8250
8252
8254
8256
8258
8260
8262
8264
8266
8268
8270
8272
8274
8276
8278
8280
8282
8284
8286
8288
8290
8292
8294
8296
8298
8300
8302
8304
8306
8308
8310
8312
8314
8316
8318
8320
8322
8324
8326
8328
8330
8332
8334
8336
8338
8340
8342
8344
8346
8348
8350
8352
8354
8356
4234
4308
4317
4391
4400
4474
4483
4557
4566
5
6
14
15
19
20
26
28
30
8358
8360
40
8362
8364
41
48
49
53
8366
8368
8370
8372
8374
8376
8378
8380
8382
8384
8386
8388
8390
8392
8394
55
8396
8398
60
8400
8402
61
67
68
72
73
79
81
83
8404
8406
91
8408
8410
92
97
98
102
8412
104
8414
8416
109
8418
8420
110
116
117
8422
121
8424
122
8426
128
8428
130
8430
132
8432
8434
140
8436
8438
141
146
147
8440
151
8442
153
8444
8446
158
8448
8450
159
165
166
8452
170
8454
171
8456
177
8458
179
8460
181
8462
8464
189
8466
8468
190
195
196
8470
200
8472
202
8474
8476
207
8478
8480
208
214
215
8482
219
8484
220
8486
226
8488
228
8490
230
8492
8494
238
8496
8498
239
244
245
8500
249
8502
251
8504
8506
256
8508
8510
257
263
264
8512
268
8514
269
8516
275
8518
277
8520
279
8522
8524
287
8526
8528
288
293
294
8530
298
8532
300
8534
8536
305
8538
8540
306
312
313
8542
317
8544
318
8546
324
8548
326
8550
328
8552
8554
336
8556
8558
337
342
343
8560
347
8562
349
8564
8566
354
8568
8570
355
361
362
8572
366
8574
367
8576
373
8578
375
8580
377
8582
8584
385
8586
8588
386
391
392
8590
396
8592
398
8594
8596
403
8598
8600
404
410
411
8602
415
8604
416
8606
422
8608
424
8610
426
8612
8614
452
8616
8618
453
460
461
8620
465
8622
466
8624
469
8626
470
8628
473
8630
475
8632
477
8634
479
8636
8638
482
8640
8642
483
487
488
8644
492
8646
493
8648
499
8650
501
8652
503
8654
8656
527
8658
8660
528
533
534
8662
538
8664
539
8666
542
8668
543
8670
546
8672
548
8674
550
8676
552
8678
8680
555
8682
8684
556
560
561
8686
565
8688
566
8690
572
8692
574
8694
576
8696
8698
600
8700
8702
601
606
607
8704
611
8706
612
8708
615
8710
616
8712
619
8714
621
8716
623
8718
625
8720
8722
628
8724
8726
629
633
634
8728
638
8730
639
8732
645
8734
647
8736
649
8738
8740
673
8742
8744
674
679
680
8746
684
8748
685
8750
688
8752
689
8754
692
8756
694
8758
696
8760
698
8762
8764
701
8766
8768
702
706
707
8770
711
8772
712
8774
718
8776
720
8778
722
8780
8782
746
8784
8786
747
752
753
8788
757
8790
758
8792
761
8794
762
8796
765
8798
767
8800
769
8802
771
8804
8806
774
8808
8810
775
779
780
8812
784
8814
785
8816
791
8818
793
8820
795
8822
8824
819
8826
8828
820
825
826
8830
830
8832
831
8834
834
8836
835
8838
838
8840
840
8842
842
8844
844
8846
8848
847
8850
8852
848
852
853
8854
857
8856
858
8858
864
8860
866
8862
868
8864
8866
892
8868
8870
893
898
899
8872
903
8874
904
8876
907
8878
908
8880
911
8882
913
8884
915
8886
917
8888
8890
920
8892
8894
921
925
926
8896
930
8898
931
8900
937
8902
939
8904
941
8906
8908
965
8910
8912
966
971
972
8914
976
8916
977
8918
980
8920
981
8922
984
8924
986
8926
988
8928
990
8930
8932
995
8934
8936
996
1002
1003
8938
1007
8940
1008
8942
1014
8944
1016
8946
1018
8948
8950
1044
8952
8954
1045
1052
1053
8956
1057
8958
1058
8960
1061
8962
1062
8964
1065
8966
1067
8968
1069
8970
1071
8972
8974
1074
8976
8978
1075
1079
1080
8980
1084
8982
1085
8984
1091
8986
1093
8988
1095
8990
8992
1119
8994
8996
1120
1125
1126
8998
1130
9000
1131
9002
1134
9004
1135
9006
1138
9008
1140
9010
1142
9012
1144
9014
9016
1147
9018
9020
1148
1152
1153
9022
1157
9024
1158
9026
1164
9028
1166
9030
1168
9032
9034
1192
9036
9038
1193
1198
1199
9040
1203
9042
1204
9044
1207
9046
1208
9048
1211
9050
1213
9052
1215
9054
1217
9056
9058
1220
9060
9062
1221
1225
1226
9064
1230
9066
1231
9068
1237
9070
1239
9072
1241
9074
9076
1265
9078
9080
1266
1271
1272
9082
1276
9084
1277
9086
1280
9088
1281
9090
1284
9092
1286
9094
1288
9096
1290
9098
9100
1293
9102
9104
1294
1298
1299
9106
1303
9108
1304
9110
1310
9112
1312
9114
1314
9116
9118
1338
9120
9122
1339
1344
1345
9124
1349
9126
1350
9128
1353
9130
1354
9132
1357
9134
1359
9136
1361
9138
1363
9140
9142
1366
9144
9146
1367
1371
1372
9148
1376
9150
1377
9152
1383
9154
1385
9156
1387
9158
9160
1411
9162
9164
1412
1417
1418
9166
1422
9168
1423
9170
1426
9172
1427
9174
1430
9176
1432
9178
1434
9180
1436
9182
9184
1439
9186
9188
1440
1444
1445
9190
1449
9192
1450
9194
1456
9196
1458
9198
1460
9200
9202
1484
9204
9206
1485
1490
1491
9208
1495
9210
1496
9212
1499
9214
1500
9216
1503
9218
1505
9220
1507
9222
1509
9224
9226
1512
9228
9230
1513
1517
1518
9232
1522
9234
1523
9236
1529
9238
1531
9240
1533
9242
9244
1557
9246
9248
1558
1563
1564
9250
1568
9252
1569
9254
1572
9256
1573
9258
1576
9260
1578
9262
1580
9264
1582
9266
9268
1587
9270
9272
1588
1594
1595
9274
1599
9276
1600
9278
1606
9280
1608
9282
1610
9284
9286
1636
9288
9290
1637
1644
1645
9292
1649
9294
1650
9296
1653
9298
1654
9300
1657
9302
1659
9304
1661
9306
1663
9308
9310
1666
9312
9314
1667
1671
1672
9316
1676
9318
1677
9320
1683
9322
1685
9324
1687
9326
9328
1711
9330
9332
1712
1717
1718
9334
1722
9336
1723
9338
1726
9340
1727
9342
1730
9344
1732
9346
1734
9348
1736
9350
9352
1739
9354
9356
1740
1744
1745
9358
1749
9360
1750
9362
1756
9364
1758
9366
1760
9368
9370
1784
9372
9374
1785
1790
1791
9376
1795
9378
1796
9380
1799
9382
1800
9384
1803
9386
1805
9388
1807
9390
1809
9392
9394
1812
9396
9398
1813
1817
1818
9400
1822
9402
1823
9404
1829
9406
1831
9408
1833
9410
9412
1857
9414
9416
1858
1863
1864
9418
1868
9420
1869
9422
1872
9424
1873
9426
1876
9428
1878
9430
1880
9432
1882
9434
9436
1885
9438
9440
1886
1890
1891
9442
1895
9444
1896
9446
1902
9448
1904
9450
1906
9452
9454
1930
9456
9458
1931
1936
1937
9460
1941
9462
1942
9464
1945
9466
1946
9468
1949
9470
1951
9472
1953
9474
1955
9476
9478
1958
9480
9482
1959
1963
1964
9484
1968
9486
1969
9488
1975
9490
1977
9492
1979
9494
9496
2003
9498
9500
2004
2009
2010
9502
2014
9504
2015
9506
2018
9508
2019
9510
2022
9512
2024
9514
2026
9516
2028
9518
9520
2031
9522
9524
2032
2036
2037
9526
2041
9528
2042
9530
2048
9532
2050
9534
2052
9536
9538
2076
9540
9542
2077
2082
2083
9544
2087
9546
2088
9548
2091
9550
2092
9552
2095
9554
2097
9556
2099
9558
2101
9560
9562
2104
9564
9566
2105
2109
2110
9568
2114
9570
2115
9572
2121
9574
2123
9576
2125
9578
9580
2149
9582
9584
2150
2155
2156
9586
2160
9588
2161
9590
2164
9592
2165
9594
2168
9596
2170
9598
2172
9600
2174
9602
9604
2179
9606
9608
2180
2186
2187
9610
2191
9612
2192
9614
2198
9616
2200
9618
2202
9620
9622
2228
9624
9626
2229
2236
2237
9628
2241
9630
2242
9632
2245
9634
2246
9636
2249
9638
2251
9640
2253
9642
2255
9644
9646
2258
9648
9650
2259
2263
2264
9652
2268
9654
2269
9656
2275
9658
2277
9660
2279
9662
9664
2303
9666
9668
2304
2309
2310
9670
2314
9672
2315
9674
2318
9676
2319
9678
2322
9680
2324
9682
2326
9684
2328
9686
9688
2331
9690
9692
2332
2336
2337
9694
2341
9696
2342
9698
2348
9700
2350
9702
2352
9704
9706
2376
9708
9710
2377
2382
2383
9712
2387
9714
2388
9716
2391
9718
2392
9720
2395
9722
2397
9724
2399
9726
2401
9728
9730
2404
9732
9734
2405
2409
2410
9736
2414
9738
2415
9740
2421
9742
2423
9744
2425
9746
9748
2449
9750
9752
2450
2455
2456
9754
2460
9756
2461
9758
2464
9760
2465
9762
2468
9764
2470
9766
2472
9768
2474
9770
9772
2477
9774
9776
2478
2482
2483
9778
2487
9780
2488
9782
2494
9784
2496
9786
2498
9788
9790
2522
9792
9794
2523
2528
2529
9796
2533
9798
2534
9800
2537
9802
2538
9804
2541
9806
2543
9808
2545
9810
2547
9812
9814
2550
9816
9818
2551
2555
2556
9820
2560
9822
2561
9824
2567
9826
2569
9828
2571
9830
9832
2595
9834
9836
2596
2601
2602
9838
2606
9840
2607
9842
2610
9844
2611
9846
2614
9848
2616
9850
2618
9852
2620
9854
9856
2623
9858
9860
2624
2628
2629
9862
2633
9864
2634
9866
2640
9868
2642
9870
2644
9872
9874
2668
9876
9878
2669
2674
2675
9880
2679
9882
2680
9884
2683
9886
2684
9888
2687
9890
2689
9892
2691
9894
2693
9896
9898
2696
9900
9902
2697
2701
2702
9904
2706
9906
2707
9908
2713
9910
2715
9912
2717
9914
9916
2741
9918
9920
2742
2747
2748
9922
2752
9924
2753
9926
2756
9928
2757
9930
2760
9932
2762
9934
2764
9936
2766
9938
9940
2771
9942
9944
2772
2778
2779
9946
2783
9948
2784
9950
2790
9952
2792
9954
2794
9956
9958
2820
9960
9962
2821
2828
2829
9964
2833
9966
2834
9968
2837
9970
2838
9972
2841
9974
2843
9976
2845
9978
2847
9980
9982
2850
9984
9986
2851
2855
2856
9988
2860
9990
2861
9992
2867
9994
2869
9996
2871
9998
10000
2895
10002
10004
2896
2901
2902
10006
2906
10008
2907
10010
2910
10012
2911
10014
2914
10016
2916
10018
2918
10020
2920
10022
10024
2923
10026
10028
2924
2928
2929
10030
2933
10032
2934
10034
2940
10036
2942
10038
2944
10040
10042
2968
10044
10046
2969
2974
2975
10048
2979
10050
2980
10052
2983
10054
2984
10056
2987
10058
2989
10060
2991
10062
2993
10064
10066
2996
10068
10070
2997
3001
3002
10072
3006
10074
3007
10076
3013
10078
3015
10080
3017
10082
10084
3041
10086
10088
3042
3047
3048
10090
3052
10092
3053
10094
3056
10096
3057
10098
3060
10100
3062
10102
3064
10104
3066
10106
10108
3069
10110
10112
3070
3074
3075
10114
3079
10116
3080
10118
3086
10120
3088
10122
3090
10124
10126
3114
10128
10130
3115
3120
3121
10132
3125
10134
3126
10136
3129
10138
3130
10140
3133
10142
3135
10144
3137
10146
3139
10148
10150
3142
10152
10154
3143
3147
3148
10156
3152
10158
3153
10160
3159
10162
3161
10164
3163
10166
10168
3187
10170
10172
3188
3193
3194
10174
3198
10176
3199
10178
3202
10180
3203
10182
3206
10184
3208
10186
3210
10188
3212
10190
10192
3215
10194
10196
3216
3220
3221
10198
3225
10200
3226
10202
3232
10204
3234
10206
3236
10208
10210
3260
10212
10214
3261
3266
3267
10216
3271
10218
3272
10220
3275
10222
3276
10224
3279
10226
3281
10228
3283
10230
3285
10232
10234
3288
10236
10238
3289
3293
3294
10240
3298
10242
3299
10244
3305
10246
3307
10248
3309
10250
10252
3333
10254
10256
3334
3339
3340
10258
3344
10260
3345
10262
3348
10264
3349
10266
3352
10268
3354
10270
3356
10272
3358
10274
10276
3363
10278
10280
3364
3370
3371
10282
3375
10284
3376
10286
3382
10288
3384
10290
3386
10292
10294
3412
10296
10298
3413
3420
3421
10300
3425
10302
3426
10304
3429
10306
3430
10308
3433
10310
3435
10312
3437
10314
3439
10316
10318
3442
10320
10322
3443
3447
3448
10324
3452
10326
3453
10328
3459
10330
3461
10332
3463
10334
10336
3487
10338
10340
3488
3493
3494
10342
3498
10344
3499
10346
3502
10348
3503
10350
3506
10352
3508
10354
3510
10356
3512
10358
10360
3515
10362
10364
3516
3520
3521
10366
3525
10368
3526
10370
3532
10372
3534
10374
3536
10376
10378
3560
10380
10382
3561
3566
3567
10384
3571
10386
3572
10388
3575
10390
3576
10392
3579
10394
3581
10396
3583
10398
3585
10400
10402
3588
10404
10406
3589
3593
3594
10408
3598
10410
3599
10412
3605
10414
3607
10416
3609
10418
10420
3633
10422
10424
3634
3639
3640
10426
3644
10428
3645
10430
3648
10432
3649
10434
3652
10436
3654
10438
3656
10440
3658
10442
10444
3661
10446
10448
3662
3666
3667
10450
3671
10452
3672
10454
3678
10456
3680
10458
3682
10460
10462
3706
10464
10466
3707
3712
3713
10468
3717
10470
3718
10472
3721
10474
3722
10476
3725
10478
3727
10480
3729
10482
3731
10484
10486
3734
10488
10490
3735
3739
3740
10492
3744
10494
3745
10496
3751
10498
3753
10500
3755
10502
10504
3779
10506
10508
3780
3785
3786
10510
3790
10512
3791
10514
3794
10516
3795
10518
3798
10520
3800
10522
3802
10524
3804
10526
10528
3807
10530
10532
3808
3812
3813
10534
3817
10536
3818
10538
3824
10540
3826
10542
3828
10544
10546
3852
10548
10550
3853
3858
3859
10552
3863
10554
3864
10556
3867
10558
3868
10560
3871
10562
3873
10564
3875
10566
3877
10568
10570
3880
10572
10574
3881
3885
3886
10576
3890
10578
3891
10580
3897
10582
3899
10584
3901
10586
10588
3925
10590
10592
3926
3931
3932
10594
3936
10596
3937
10598
3940
10600
3941
10602
3944
10604
3946
10606
3948
10608
3950
10610
10612
3955
10614
10616
3956
3962
3963
10618
3967
10620
3968
10622
3974
10624
3976
10626
3978
10628
10630
4004
10632
10634
4005
4012
4013
10636
4017
10638
4018
10640
4021
10642
4022
10644
4025
10646
4027
10648
4029
10650
4031
10652
4035
10654
4037
10656
10658
4044
10660
10662
4045
4049
4050
10664
4054
10666
4055
10668
4061
10670
4063
10672
4065
10674
10676
4089
10678
10680
4090
4095
4096
10682
4100
10684
4101
10686
4104
10688
4105
10690
4108
10692
4110
10694
4112
10696
4114
10698
4118
10700
4120
10702
10704
4127
10706
10708
4128
4132
4133
10710
4137
10712
4138
10714
4144
10716
4146
10718
4148
10720
10722
4172
10724
10726
4173
4178
4179
10728
4183
10730
4184
10732
4187
10734
4188
10736
4191
10738
4193
10740
4195
10742
4197
10744
4201
10746
4203
10748
10750
4210
10752
10754
4211
4215
4216
10756
4220
10758
4221
10760
4227
10762
4229
10764
4231
10766
10768
4255
10770
10772
4256
4261
4262
10774
4266
10776
4267
10778
4270
10780
4271
10782
4274
10784
4276
10786
4278
10788
4280
10790
4284
10792
4286
10794
10796
4293
10798
10800
4294
4298
4299
10802
4303
10804
4304
10806
4310
10808
4312
10810
4314
10812
10814
4338
10816
10818
4339
4344
4345
10820
4349
10822
4350
10824
4353
10826
4354
10828
4357
10830
4359
10832
4361
10834
4363
10836
4367
10838
4369
10840
10842
4376
10844
10846
4377
4381
4382
10848
4386
10850
4387
10852
4393
10854
4395
10856
4397
10858
10860
4421
10862
10864
4422
4427
4428
10866
4432
10868
4433
10870
4436
10872
4437
10874
4440
10876
4442
10878
4444
10880
4446
10882
4450
10884
4452
10886
10888
4459
10890
10892
4460
4464
4465
10894
4469
10896
4470
10898
4476
10900
4478
10902
4480
10904
10906
4504
10908
10910
4505
4510
4511
10912
4515
10914
4516
10916
4519
10918
4520
10920
4523
10922
4525
10924
4527
10926
4529
10928
4533
10930
4535
10932
10934
4542
10936
10938
4543
4547
4548
10940
4552
10942
4553
10944
4559
10946
4561
10948
4563
10950
10952
4587
10954
10956
4588
4593
4594
10958
4598
10960
4599
10962
4602
10964
4603
10966
4606
10968
4608
10970
4610
10972
4612
10974
4616
10976
4618
0
1
3
7
405
997
1589
2181
2773
3365
3957
4625
2
4
8
9
4627
4628
63
112
161
210
259
308
357
4626
10
12
16
412
1004
1596
2188
2780
3372
3964
4629
11
13
17
18
4631
4632
21
4624
22
25
4636
27
4633
4634
29
4637
31
34
4639
4641
70
119
168
217
266
315
364
4630
35
36
38
4638
42
50
4643
37
39
43
44
4645
4646
54
4642
94
143
192
241
290
339
388
4644
45
46
47
51
52
4649
4650
56
4647
100
149
198
247
296
345
394
4648
57
58
59
62
64
4655
4656
484
1076
1668
2260
2852
3444
4046
4654
65
66
69
71
4658
4659
74
4653
75
78
4663
80
4660
4661
82
4664
84
87
4666
4668
489
1081
1673
2265
2857
3449
4051
4657
88
89
90
4665
93
95
4671
4672
99
4670
103
4669
96
101
4674
4675
105
4673
106
107
108
111
113
4680
4681
557
1149
1741
2333
2925
3517
4129
4679
114
115
118
120
4683
4684
123
4678
124
127
4688
129
4685
4686
131
4689
133
136
4691
4693
562
1154
1746
2338
2930
3522
4134
4682
137
138
139
4690
142
144
4696
4697
148
4695
152
4694
145
150
4699
4700
154
4698
155
156
157
160
162
4705
4706
630
1222
1814
2406
2998
3590
4212
4704
163
164
167
169
4708
4709
172
4703
173
176
4713
178
4710
4711
180
4714
182
185
4716
4718
635
1227
1819
2411
3003
3595
4217
4707
186
187
188
4715
191
193
4721
4722
197
4720
201
4719
194
199
4724
4725
203
4723
204
205
206
209
211
4730
4731
703
1295
1887
2479
3071
3663
4295
4729
212
213
216
218
4733
4734
221
4728
222
225
4738
227
4735
4736
229
4739
231
234
4741
4743
708
1300
1892
2484
3076
3668
4300
4732
235
236
237
4740
240
242
4746
4747
246
4745
250
4744
243
248
4749
4750
252
4748
253
254
255
258
260
4755
4756
776
1368
1960
2552
3144
3736
4378
4754
261
262
265
267
4758
4759
270
4753
271
274
4763
276
4760
4761
278
4764
280
283
4766
4768
781
1373
1965
2557
3149
3741
4383
4757
284
285
286
4765
289
291
4771
4772
295
4770
299
4769
292
297
4774
4775
301
4773
302
303
304
307
309
4780
4781
849
1441
2033
2625
3217
3809
4461
4779
310
311
314
316
4783
4784
319
4778
320
323
4788
325
4785
4786
327
4789
329
332
4791
4793
854
1446
2038
2630
3222
3814
4466
4782
333
334
335
4790
338
340
4796
4797
344
4795
348
4794
341
346
4799
4800
350
4798
351
352
353
356
358
4805
4806
922
1514
2106
2698
3290
3882
4544
4804
359
360
363
365
4808
4809
368
4803
369
372
4813
374
4810
4811
376
4814
378
381
4816
4818
927
1519
2111
2703
3295
3887
4549
4807
382
383
384
4815
387
389
4821
4822
393
4820
397
4819
390
395
4824
4825
399
4823
400
401
402
406
407
4830
4831
485
558
631
704
777
850
923
4829
408
409
413
414
4833
4834
417
4828
418
421
4838
423
4835
4836
425
4839
427
430
4841
4843
432
434
4635
436
4845
438
4837
440
4847
442
4842
444
4640
446
4849
4850
474
4651
476
4652
4846
490
563
636
709
782
855
928
4832
447
448
450
4840
454
462
4853
449
451
455
456
4855
4856
467
4852
468
4861
478
4862
4865
530
603
676
749
822
895
968
4854
457
458
459
463
464
4859
4860
471
4857
472
4863
4848
480
4864
4866
536
609
682
755
828
901
974
4858
481
486
4870
4871
491
4872
4873
494
4869
495
498
4877
500
4874
4875
502
4878
504
507
4880
4882
509
511
4662
513
4884
515
4876
517
4886
519
4881
521
4667
523
4888
4889
547
4676
549
4677
4885
524
525
526
4879
529
531
4893
4894
535
4892
540
4891
541
4898
551
4899
4902
532
537
4896
4897
544
4895
545
4900
4887
553
4901
4903
554
559
4907
4908
564
4909
4910
567
4906
568
571
4914
573
4911
4912
575
4915
577
580
4917
4919
582
584
4687
586
4921
588
4913
590
4923
592
4918
594
4692
596
4925
4926
620
4701
622
4702
4922
597
598
599
4916
602
604
4930
4931
608
4929
613
4928
614
4935
624
4936
4939
605
610
4933
4934
617
4932
618
4937
4924
626
4938
4940
627
632
4944
4945
637
4946
4947
640
4943
641
644
4951
646
4948
4949
648
4952
650
653
4954
4956
655
657
4712
659
4958
661
4950
663
4960
665
4955
667
4717
669
4962
4963
693
4726
695
4727
4959
670
671
672
4953
675
677
4967
4968
681
4966
686
4965
687
4972
697
4973
4976
678
683
4970
4971
690
4969
691
4974
4961
699
4975
4977
700
705
4981
4982
710
4983
4984
713
4980
714
717
4988
719
4985
4986
721
4989
723
726
4991
4993
728
730
4737
732
4995
734
4987
736
4997
738
4992
740
4742
742
4999
5000
766
4751
768
4752
4996
743
744
745
4990
748
750
5004
5005
754
5003
759
5002
760
5009
770
5010
5013
751
756
5007
5008
763
5006
764
5011
4998
772
5012
5014
773
778
5018
5019
783
5020
5021
786
5017
787
790
5025
792
5022
5023
794
5026
796
799
5028
5030
801
803
4762
805
5032
807
5024
809
5034
811
5029
813
4767
815
5036
5037
839
4776
841
4777
5033
816
817
818
5027
821
823
5041
5042
827
5040
832
5039
833
5046
843
5047
5050
824
829
5044
5045
836
5043
837
5048
5035
845
5049
5051
846
851
5055
5056
856
5057
5058
859
5054
860
863
5062
865
5059
5060
867
5063
869
872
5065
5067
874
876
4787
878
5069
880
5061
882
5071
884
5066
886
4792
888
5073
5074
912
4801
914
4802
5070
889
890
891
5064
894
896
5078
5079
900
5077
905
5076
906
5083
916
5084
5087
897
902
5081
5082
909
5080
910
5085
5072
918
5086
5088
919
924
5092
5093
929
5094
5095
932
5091
933
936
5099
938
5096
5097
940
5100
942
945
5102
5104
947
949
4812
951
5106
953
5098
955
5108
957
5103
959
4817
961
5110
5111
985
4826
987
4827
5107
962
963
964
5101
967
969
5115
5116
973
5114
978
5113
979
5120
989
5121
5124
970
975
5118
5119
982
5117
983
5122
5109
991
5123
5125
992
993
994
998
999
5130
5131
1077
1150
1223
1296
1369
1442
1515
5129
1000
1001
1005
1006
5133
5134
1009
5128
1010
1013
5138
1015
5135
5136
1017
5139
1019
1022
5141
5143
1024
1026
4844
1028
5145
1030
5137
1032
5147
1034
5142
1036
4851
1038
5149
5150
1066
4867
1068
4868
5146
1082
1155
1228
1301
1374
1447
1520
5132
1039
1040
1042
5140
1046
1054
5153
1041
1043
1047
1048
5155
5156
1059
5152
1060
5161
1070
5162
5165
1122
1195
1268
1341
1414
1487
1560
5154
1049
1050
1051
1055
1056
5159
5160
1063
5157
1064
5163
5148
1072
5164
5166
1128
1201
1274
1347
1420
1493
1566
5158
1073
1078
5170
5171
1083
5172
5173
1086
5169
1087
1090
5177
1092
5174
5175
1094
5178
1096
1099
5180
5182
1101
1103
4883
1105
5184
1107
5176
1109
5186
1111
5181
1113
4890
1115
5188
5189
1139
4904
1141
4905
5185
1116
1117
1118
5179
1121
1123
5193
5194
1127
5192
1132
5191
1133
5198
1143
5199
5202
1124
1129
5196
5197
1136
5195
1137
5200
5187
1145
5201
5203
1146
1151
5207
5208
1156
5209
5210
1159
5206
1160
1163
5214
1165
5211
5212
1167
5215
1169
1172
5217
5219
1174
1176
4920
1178
5221
1180
5213
1182
5223
1184
5218
1186
4927
1188
5225
5226
1212
4941
1214
4942
5222
1189
1190
1191
5216
1194
1196
5230
5231
1200
5229
1205
5228
1206
5235
1216
5236
5239
1197
1202
5233
5234
1209
5232
1210
5237
5224
1218
5238
5240
1219
1224
5244
5245
1229
5246
5247
1232
5243
1233
1236
5251
1238
5248
5249
1240
5252
1242
1245
5254
5256
1247
1249
4957
1251
5258
1253
5250
1255
5260
1257
5255
1259
4964
1261
5262
5263
1285
4978
1287
4979
5259
1262
1263
1264
5253
1267
1269
5267
5268
1273
5266
1278
5265
1279
5272
1289
5273
5276
1270
1275
5270
5271
1282
5269
1283
5274
5261
1291
5275
5277
1292
1297
5281
5282
1302
5283
5284
1305
5280
1306
1309
5288
1311
5285
5286
1313
5289
1315
1318
5291
5293
1320
1322
4994
1324
5295
1326
5287
1328
5297
1330
5292
1332
5001
1334
5299
5300
1358
5015
1360
5016
5296
1335
1336
1337
5290
1340
1342
5304
5305
1346
5303
1351
5302
1352
5309
1362
5310
5313
1343
1348
5307
5308
1355
5306
1356
5311
5298
1364
5312
5314
1365
1370
5318
5319
1375
5320
5321
1378
5317
1379
1382
5325
1384
5322
5323
1386
5326
1388
1391
5328
5330
1393
1395
5031
1397
5332
1399
5324
1401
5334
1403
5329
1405
5038
1407
5336
5337
1431
5052
1433
5053
5333
1408
1409
1410
5327
1413
1415
5341
5342
1419
5340
1424
5339
1425
5346
1435
5347
5350
1416
1421
5344
5345
1428
5343
1429
5348
5335
1437
5349
5351
1438
1443
5355
5356
1448
5357
5358
1451
5354
1452
1455
5362
1457
5359
5360
1459
5363
1461
1464
5365
5367
1466
1468
5068
1470
5369
1472
5361
1474
5371
1476
5366
1478
5075
1480
5373
5374
1504
5089
1506
5090
5370
1481
1482
1483
5364
1486
1488
5378
5379
1492
5377
1497
5376
1498
5383
1508
5384
5387
1489
1494
5381
5382
1501
5380
1502
5385
5372
1510
5386
5388
1511
1516
5392
5393
1521
5394
5395
1524
5391
1525
1528
5399
1530
5396
5397
1532
5400
1534
1537
5402
5404
1539
1541
5105
1543
5406
1545
5398
1547
5408
1549
5403
1551
5112
1553
5410
5411
1577
5126
1579
5127
5407
1554
1555
1556
5401
1559
1561
5415
5416
1565
5414
1570
5413
1571
5420
1581
5421
5424
1562
1567
5418
5419
1574
5417
1575
5422
5409
1583
5423
5425
1584
1585
1586
1590
1591
5430
5431
1669
1742
1815
1888
1961
2034
2107
5429
1592
1593
1597
1598
5433
5434
1601
5428
1602
1605
5438
1607
5435
5436
1609
5439
1611
1614
5441
5443
1616
1618
5144
1620
5445
1622
5437
1624
5447
1626
5442
1628
5151
1630
5449
5450
1658
5167
1660
5168
5446
1674
1747
1820
1893
1966
2039
2112
5432
1631
1632
1634
5440
1638
1646
5453
1633
1635
1639
1640
5455
5456
1651
5452
1652
5461
1662
5462
5465
1714
1787
1860
1933
2006
2079
2152
5454
1641
1642
1643
1647
1648
5459
5460
1655
5457
1656
5463
5448
1664
5464
5466
1720
1793
1866
1939
2012
2085
2158
5458
1665
1670
5470
5471
1675
5472
5473
1678
5469
1679
1682
5477
1684
5474
5475
1686
5478
1688
1691
5480
5482
1693
1695
5183
1697
5484
1699
5476
1701
5486
1703
5481
1705
5190
1707
5488
5489
1731
5204
1733
5205
5485
1708
1709
1710
5479
1713
1715
5493
5494
1719
5492
1724
5491
1725
5498
1735
5499
5502
1716
1721
5496
5497
1728
5495
1729
5500
5487
1737
5501
5503
1738
1743
5507
5508
1748
5509
5510
1751
5506
1752
1755
5514
1757
5511
5512
1759
5515
1761
1764
5517
5519
1766
1768
5220
1770
5521
1772
5513
1774
5523
1776
5518
1778
5227
1780
5525
5526
1804
5241
1806
5242
5522
1781
1782
1783
5516
1786
1788
5530
5531
1792
5529
1797
5528
1798
5535
1808
5536
5539
1789
1794
5533
5534
1801
5532
1802
5537
5524
1810
5538
5540
1811
1816
5544
5545
1821
5546
5547
1824
5543
1825
1828
5551
1830
5548
5549
1832
5552
1834
1837
5554
5556
1839
1841
5257
1843
5558
1845
5550
1847
5560
1849
5555
1851
5264
1853
5562
5563
1877
5278
1879
5279
5559
1854
1855
1856
5553
1859
1861
5567
5568
1865
5566
1870
5565
1871
5572
1881
5573
5576
1862
1867
5570
5571
1874
5569
1875
5574
5561
1883
5575
5577
1884
1889
5581
5582
1894
5583
5584
1897
5580
1898
1901
5588
1903
5585
5586
1905
5589
1907
1910
5591
5593
1912
1914
5294
1916
5595
1918
5587
1920
5597
1922
5592
1924
5301
1926
5599
5600
1950
5315
1952
5316
5596
1927
1928
1929
5590
1932
1934
5604
5605
1938
5603
1943
5602
1944
5609
1954
5610
5613
1935
1940
5607
5608
1947
5606
1948
5611
5598
1956
5612
5614
1957
1962
5618
5619
1967
5620
5621
1970
5617
1971
1974
5625
1976
5622
5623
1978
5626
1980
1983
5628
5630
1985
1987
5331
1989
5632
1991
5624
1993
5634
1995
5629
1997
5338
1999
5636
5637
2023
5352
2025
5353
5633
2000
2001
2002
5627
2005
2007
5641
5642
2011
5640
2016
5639
2017
5646
2027
5647
5650
2008
2013
5644
5645
2020
5643
2021
5648
5635
2029
5649
5651
2030
2035
5655
5656
2040
5657
5658
2043
5654
2044
2047
5662
2049
5659
5660
2051
5663
2053
2056
5665
5667
2058
2060
5368
2062
5669
2064
5661
2066
5671
2068
5666
2070
5375
2072
5673
5674
2096
5389
2098
5390
5670
2073
2074
2075
5664
2078
2080
5678
5679
2084
5677
2089
5676
2090
5683
2100
5684
5687
2081
2086
5681
5682
2093
5680
2094
5685
5672
2102
5686
5688
2103
2108
5692
5693
2113
5694
5695
2116
5691
2117
2120
5699
2122
5696
5697
2124
5700
2126
2129
5702
5704
2131
2133
5405
2135
5706
2137
5698
2139
5708
2141
5703
2143
5412
2145
5710
5711
2169
5426
2171
5427
5707
2146
2147
2148
5701
2151
2153
5715
5716
2157
5714
2162
5713
2163
5720
2173
5721
5724
2154
2159
5718
5719
2166
5717
2167
5722
5709
2175
5723
5725
2176
2177
2178
2182
2183
5730
5731
2261
2334
2407
2480
2553
2626
2699
5729
2184
2185
2189
2190
5733
5734
2193
5728
2194
2197
5738
2199
5735
5736
2201
5739
2203
2206
5741
5743
2208
2210
5444
2212
5745
2214
5737
2216
5747
2218
5742
2220
5451
2222
5749
5750
2250
5467
2252
5468
5746
2266
2339
2412
2485
2558
2631
2704
5732
2223
2224
2226
5740
2230
2238
5753
2225
2227
2231
2232
5755
5756
2243
5752
2244
5761
2254
5762
5765
2306
2379
2452
2525
2598
2671
2744
5754
2233
2234
2235
2239
2240
5759
5760
2247
5757
2248
5763
5748
2256
5764
5766
2312
2385
2458
2531
2604
2677
2750
5758
2257
2262
5770
5771
2267
5772
5773
2270
5769
2271
2274
5777
2276
5774
5775
2278
5778
2280
2283
5780
5782
2285
2287
5483
2289
5784
2291
5776
2293
5786
2295
5781
2297
5490
2299
5788
5789
2323
5504
2325
5505
5785
2300
2301
2302
5779
2305
2307
5793
5794
2311
5792
2316
5791
2317
5798
2327
5799
5802
2308
2313
5796
5797
2320
5795
2321
5800
5787
2329
5801
5803
2330
2335
5807
5808
2340
5809
5810
2343
5806
2344
2347
5814
2349
5811
5812
2351
5815
2353
2356
5817
5819
2358
2360
5520
2362
5821
2364
5813
2366
5823
2368
5818
2370
5527
2372
5825
5826
2396
5541
2398
5542
5822
2373
2374
2375
5816
2378
2380
5830
5831
2384
5829
2389
5828
2390
5835
2400
5836
5839
2381
2386
5833
5834
2393
5832
2394
5837
5824
2402
5838
5840
2403
2408
5844
5845
2413
5846
5847
2416
5843
2417
2420
5851
2422
5848
5849
2424
5852
2426
2429
5854
5856
2431
2433
5557
2435
5858
2437
5850
2439
5860
2441
5855
2443
5564
2445
5862
5863
2469
5578
2471
5579
5859
2446
2447
2448
5853
2451
2453
5867
5868
2457
5866
2462
5865
2463
5872
2473
5873
5876
2454
2459
5870
5871
2466
5869
2467
5874
5861
2475
5875
5877
2476
2481
5881
5882
2486
5883
5884
2489
5880
2490
2493
5888
2495
5885
5886
2497
5889
2499
2502
5891
5893
2504
2506
5594
2508
5895
2510
5887
2512
5897
2514
5892
2516
5601
2518
5899
5900
2542
5615
2544
5616
5896
2519
2520
2521
5890
2524
2526
5904
5905
2530
5903
2535
5902
2536
5909
2546
5910
5913
2527
2532
5907
5908
2539
5906
2540
5911
5898
2548
5912
5914
2549
2554
5918
5919
2559
5920
5921
2562
5917
2563
2566
5925
2568
5922
5923
2570
5926
2572
2575
5928
5930
2577
2579
5631
2581
5932
2583
5924
2585
5934
2587
5929
2589
5638
2591
5936
5937
2615
5652
2617
5653
5933
2592
2593
2594
5927
2597
2599
5941
5942
2603
5940
2608
5939
2609
5946
2619
5947
5950
2600
2605
5944
5945
2612
5943
2613
5948
5935
2621
5949
5951
2622
2627
5955
5956
2632
5957
5958
2635
5954
2636
2639
5962
2641
5959
5960
2643
5963
2645
2648
5965
5967
2650
2652
5668
2654
5969
2656
5961
2658
5971
2660
5966
2662
5675
2664
5973
5974
2688
5689
2690
5690
5970
2665
2666
2667
5964
2670
2672
5978
5979
2676
5977
2681
5976
2682
5983
2692
5984
5987
2673
2678
5981
5982
2685
5980
2686
5985
5972
2694
5986
5988
2695
2700
5992
5993
2705
5994
5995
2708
5991
2709
2712
5999
2714
5996
5997
2716
6000
2718
2721
6002
6004
2723
2725
5705
2727
6006
2729
5998
2731
6008
2733
6003
2735
5712
2737
6010
6011
2761
5726
2763
5727
6007
2738
2739
2740
6001
2743
2745
6015
6016
2749
6014
2754
6013
2755
6020
2765
6021
6024
2746
2751
6018
6019
2758
6017
2759
6022
6009
2767
6023
6025
2768
2769
2770
2774
2775
6030
6031
2853
2926
2999
3072
3145
3218
3291
6029
2776
2777
2781
2782
6033
6034
2785
6028
2786
2789
6038
2791
6035
6036
2793
6039
2795
2798
6041
6043
2800
2802
5744
2804
6045
2806
6037
2808
6047
2810
6042
2812
5751
2814
6049
6050
2842
5767
2844
5768
6046
2858
2931
3004
3077
3150
3223
3296
6032
2815
2816
2818
6040
2822
2830
6053
2817
2819
2823
2824
6055
6056
2835
6052
2836
6061
2846
6062
6065
2898
2971
3044
3117
3190
3263
3336
6054
2825
2826
2827
2831
2832
6059
6060
2839
6057
2840
6063
6048
2848
6064
6066
2904
2977
3050
3123
3196
3269
3342
6058
2849
2854
6070
6071
2859
6072
6073
2862
6069
2863
2866
6077
2868
6074
6075
2870
6078
2872
2875
6080
6082
2877
2879
5783
2881
6084
2883
6076
2885
6086
2887
6081
2889
5790
2891
6088
6089
2915
5804
2917
5805
6085
2892
2893
2894
6079
2897
2899
6093
6094
2903
6092
2908
6091
2909
6098
2919
6099
6102
2900
2905
6096
6097
2912
6095
2913
6100
6087
2921
6101
6103
2922
2927
6107
6108
2932
6109
6110
2935
6106
2936
2939
6114
2941
6111
6112
2943
6115
2945
2948
6117
6119
2950
2952
5820
2954
6121
2956
6113
2958
6123
2960
6118
2962
5827
2964
6125
6126
2988
5841
2990
5842
6122
2965
2966
2967
6116
2970
2972
6130
6131
2976
6129
2981
6128
2982
6135
2992
6136
6139
2973
2978
6133
6134
2985
6132
2986
6137
6124
2994
6138
6140
2995
3000
6144
6145
3005
6146
6147
3008
6143
3009
3012
6151
3014
6148
6149
3016
6152
3018
3021
6154
6156
3023
3025
5857
3027
6158
3029
6150
3031
6160
3033
6155
3035
5864
3037
6162
6163
3061
5878
3063
5879
6159
3038
3039
3040
6153
3043
3045
6167
6168
3049
6166
3054
6165
3055
6172
3065
6173
6176
3046
3051
6170
6171
3058
6169
3059
6174
6161
3067
6175
6177
3068
3073
6181
6182
3078
6183
6184
3081
6180
3082
3085
6188
3087
6185
6186
3089
6189
3091
3094
6191
6193
3096
3098
5894
3100
6195
3102
6187
3104
6197
3106
6192
3108
5901
3110
6199
6200
3134
5915
3136
5916
6196
3111
3112
3113
6190
3116
3118
6204
6205
3122
6203
3127
6202
3128
6209
3138
6210
6213
3119
3124
6207
6208
3131
6206
3132
6211
6198
3140
6212
6214
3141
3146
6218
6219
3151
6220
6221
3154
6217
3155
3158
6225
3160
6222
6223
3162
6226
3164
3167
6228
6230
3169
3171
5931
3173
6232
3175
6224
3177
6234
3179
6229
3181
5938
3183
6236
6237
3207
5952
3209
5953
6233
3184
3185
3186
6227
3189
3191
6241
6242
3195
6240
3200
6239
3201
6246
3211
6247
6250
3192
3197
6244
6245
3204
6243
3205
6248
6235
3213
6249
6251
3214
3219
6255
6256
3224
6257
6258
3227
6254
3228
3231
6262
3233
6259
6260
3235
6263
3237
3240
6265
6267
3242
3244
5968
3246
6269
3248
6261
3250
6271
3252
6266
3254
5975
3256
6273
6274
3280
5989
3282
5990
6270
3257
3258
3259
6264
3262
3264
6278
6279
3268
6277
3273
6276
3274
6283
3284
6284
6287
3265
3270
6281
6282
3277
6280
3278
6285
6272
3286
6286
6288
3287
3292
6292
6293
3297
6294
6295
3300
6291
3301
3304
6299
3306
6296
6297
3308
6300
3310
3313
6302
6304
3315
3317
6005
3319
6306
3321
6298
3323
6308
3325
6303
3327
6012
3329
6310
6311
3353
6026
3355
6027
6307
3330
3331
3332
6301
3335
3337
6315
6316
3341
6314
3346
6313
3347
6320
3357
6321
6324
3338
3343
6318
6319
3350
6317
3351
6322
6309
3359
6323
6325
3360
3361
3362
3366
3367
6330
6331
3445
3518
3591
3664
3737
3810
3883
6329
3368
3369
3373
3374
6333
6334
3377
6328
3378
3381
6338
3383
6335
6336
3385
6339
3387
3390
6341
6343
3392
3394
6044
3396
6345
3398
6337
3400
6347
3402
6342
3404
6051
3406
6349
6350
3434
6067
3436
6068
6346
3450
3523
3596
3669
3742
3815
3888
6332
3407
3408
3410
6340
3414
3422
6353
3409
3411
3415
3416
6355
6356
3427
6352
3428
6361
3438
6362
6365
3490
3563
3636
3709
3782
3855
3928
6354
3417
3418
3419
3423
3424
6359
6360
3431
6357
3432
6363
6348
3440
6364
6366
3496
3569
3642
3715
3788
3861
3934
6358
3441
3446
6370
6371
3451
6372
6373
3454
6369
3455
3458
6377
3460
6374
6375
3462
6378
3464
3467
6380
6382
3469
3471
6083
3473
6384
3475
6376
3477
6386
3479
6381
3481
6090
3483
6388
6389
3507
6104
3509
6105
6385
3484
3485
3486
6379
3489
3491
6393
6394
3495
6392
3500
6391
3501
6398
3511
6399
6402
3492
3497
6396
6397
3504
6395
3505
6400
6387
3513
6401
6403
3514
3519
6407
6408
3524
6409
6410
3527
6406
3528
3531
6414
3533
6411
6412
3535
6415
3537
3540
6417
6419
3542
3544
6120
3546
6421
3548
6413
3550
6423
3552
6418
3554
6127
3556
6425
6426
3580
6141
3582
6142
6422
3557
3558
3559
6416
3562
3564
6430
6431
3568
6429
3573
6428
3574
6435
3584
6436
6439
3565
3570
6433
6434
3577
6432
3578
6437
6424
3586
6438
6440
3587
3592
6444
6445
3597
6446
6447
3600
6443
3601
3604
6451
3606
6448
6449
3608
6452
3610
3613
6454
6456
3615
3617
6157
3619
6458
3621
6450
3623
6460
3625
6455
3627
6164
3629
6462
6463
3653
6178
3655
6179
6459
3630
3631
3632
6453
3635
3637
6467
6468
3641
6466
3646
6465
3647
6472
3657
6473
6476
3638
3643
6470
6471
3650
6469
3651
6474
6461
3659
6475
6477
3660
3665
6481
6482
3670
6483
6484
3673
6480
3674
3677
6488
3679
6485
6486
3681
6489
3683
3686
6491
6493
3688
3690
6194
3692
6495
3694
6487
3696
6497
3698
6492
3700
6201
3702
6499
6500
3726
6215
3728
6216
6496
3703
3704
3705
6490
3708
3710
6504
6505
3714
6503
3719
6502
3720
6509
3730
6510
6513
3711
3716
6507
6508
3723
6506
3724
6511
6498
3732
6512
6514
3733
3738
6518
6519
3743
6520
6521
3746
6517
3747
3750
6525
3752
6522
6523
3754
6526
3756
3759
6528
6530
3761
3763
6231
3765
6532
3767
6524
3769
6534
3771
6529
3773
6238
3775
6536
6537
3799
6252
3801
6253
6533
3776
3777
3778
6527
3781
3783
6541
6542
3787
6540
3792
6539
3793
6546
3803
6547
6550
3784
3789
6544
6545
3796
6543
3797
6548
6535
3805
6549
6551
3806
3811
6555
6556
3816
6557
6558
3819
6554
3820
3823
6562
3825
6559
6560
3827
6563
3829
3832
6565
6567
3834
3836
6268
3838
6569
3840
6561
3842
6571
3844
6566
3846
6275
3848
6573
6574
3872
6289
3874
6290
6570
3849
3850
3851
6564
3854
3856
6578
6579
3860
6577
3865
6576
3866
6583
3876
6584
6587
3857
3862
6581
6582
3869
6580
3870
6585
6572
3878
6586
6588
3879
3884
6592
6593
3889
6594
6595
3892
6591
3893
3896
6599
3898
6596
6597
3900
6600
3902
3905
6602
6604
3907
3909
6305
3911
6606
3913
6598
3915
6608
3917
6603
3919
6312
3921
6610
6611
3945
6326
3947
6327
6607
3922
3923
3924
6601
3927
3929
6615
6616
3933
6614
3938
6613
3939
6620
3949
6621
6624
3930
3935
6618
6619
3942
6617
3943
6622
6609
3951
6623
6625
3952
3953
3954
3958
3959
6630
6631
4047
4130
4213
4296
4379
4462
4545
6629
3960
3961
3965
3966
6633
6634
3969
6628
3970
3973
6638
3975
6635
6636
3977
6639
3979
3982
6641
6643
3984
3986
6344
3988
6645
3990
6637
3992
6647
3994
6642
3996
6351
3998
6649
6650
4026
6367
4028
6368
6646
4034
4041
6651
4042
6644
4052
4135
4218
4301
4384
4467
4550
6632
3999
4000
4002
6640
4006
4014
6653
4001
4003
4007
4008
6655
6656
4019
6652
4020
6661
4030
6662
6665
4036
6667
4039
6670
4092
4175
4258
4341
4424
4507
4590
6654
4009
4010
4011
4015
4016
6659
6660
4023
6657
4024
6663
6648
4032
6664
6666
4038
6668
6669
4040
6671
4098
4181
4264
4347
4430
4513
4596
6658
4043
4048
6673
6674
4053
6675
6676
4056
6672
4057
4060
6680
4062
6677
6678
4064
6681
4066
4069
6683
6685
4071
4073
6383
4075
6687
4077
6679
4079
6689
4081
6684
4083
6390
4085
6691
6692
4109
6404
4111
6405
6688
4117
4124
6693
4125
6686
4086
4087
4088
6682
4091
4093
6696
6697
4097
6695
4102
6694
4103
6701
4113
6702
6705
4119
6707
4122
6710
4094
4099
6699
6700
4106
6698
4107
6703
6690
4115
6704
6706
4121
6708
6709
4123
6711
4126
4131
6713
6714
4136
6715
6716
4139
6712
4140
4143
6720
4145
6717
6718
4147
6721
4149
4152
6723
6725
4154
4156
6420
4158
6727
4160
6719
4162
6729
4164
6724
4166
6427
4168
6731
6732
4192
6441
4194
6442
6728
4200
4207
6733
4208
6726
4169
4170
4171
6722
4174
4176
6736
6737
4180
6735
4185
6734
4186
6741
4196
6742
6745
4202
6747
4205
6750
4177
4182
6739
6740
4189
6738
4190
6743
6730
4198
6744
6746
4204
6748
6749
4206
6751
4209
4214
6753
6754
4219
6755
6756
4222
6752
4223
4226
6760
4228
6757
6758
4230
6761
4232
4235
6763
6765
4237
4239
6457
4241
6767
4243
6759
4245
6769
4247
6764
4249
6464
4251
6771
6772
4275
6478
4277
6479
6768
4283
4290
6773
4291
6766
4252
4253
4254
6762
4257
4259
6776
6777
4263
6775
4268
6774
4269
6781
4279
6782
6785
4285
6787
4288
6790
4260
4265
6779
6780
4272
6778
4273
6783
6770
4281
6784
6786
4287
6788
6789
4289
6791
4292
4297
6793
6794
4302
6795
6796
4305
6792
4306
4309
6800
4311
6797
6798
4313
6801
4315
4318
6803
6805
4320
4322
6494
4324
6807
4326
6799
4328
6809
4330
6804
4332
6501
4334
6811
6812
4358
6515
4360
6516
6808
4366
4373
6813
4374
6806
4335
4336
4337
6802
4340
4342
6816
6817
4346
6815
4351
6814
4352
6821
4362
6822
6825
4368
6827
4371
6830
4343
4348
6819
6820
4355
6818
4356
6823
6810
4364
6824
6826
4370
6828
6829
4372
6831
4375
4380
6833
6834
4385
6835
6836
4388
6832
4389
4392
6840
4394
6837
6838
4396
6841
4398
4401
6843
6845
4403
4405
6531
4407
6847
4409
6839
4411
6849
4413
6844
4415
6538
4417
6851
6852
4441
6552
4443
6553
6848
4449
4456
6853
4457
6846
4418
4419
4420
6842
4423
4425
6856
6857
4429
6855
4434
6854
4435
6861
4445
6862
6865
4451
6867
4454
6870
4426
4431
6859
6860
4438
6858
4439
6863
6850
4447
6864
6866
4453
6868
6869
4455
6871
4458
4463
6873
6874
4468
6875
6876
4471
6872
4472
4475
6880
4477
6877
6878
4479
6881
4481
4484
6883
6885
4486
4488
6568
4490
6887
4492
6879
4494
6889
4496
6884
4498
6575
4500
6891
6892
4524
6589
4526
6590
6888
4532
4539
6893
4540
6886
4501
4502
4503
6882
4506
4508
6896
6897
4512
6895
4517
6894
4518
6901
4528
6902
6905
4534
6907
4537
6910
4509
4514
6899
6900
4521
6898
4522
6903
6890
4530
6904
6906
4536
6908
6909
4538
6911
4541
4546
6913
6914
4551
6915
6916
4554
6912
4555
4558
6920
4560
6917
6918
4562
6921
4564
4567
6923
6925
4569
4571
6605
4573
6927
4575
6919
4577
6929
4579
6924
4581
6612
4583
6931
6932
4607
6626
4609
6627
6928
4615
4622
6933
4623
6926
4584
4585
4586
6922
4589
4591
6936
6937
4595
6935
4600
6934
4601
6941
4611
6942
6945
4617
6947
4620
6950
4592
4597
6939
6940
4604
6938
4605
6943
6930
4613
6944
6946
4619
6948
6949
4621
6951
