23
32
76
85
125
134
174
183
223
232
235
237
239
241
243
245
247
249
300
309
312
314
316
318
320
322
324
326
373
382
385
387
389
391
393
395
397
399
446
455
458
460
462
464
466
468
470
472
523
532
535
537
539
541
543
545
547
549
600
609
612
614
616
618
620
622
624
626
673
682
685
687
689
691
693
695
697
699
746
755
758
760
762
764
766
768
770
772
823
832
835
837
839
841
843
845
847
849
885
910
919
922
924
926
928
930
932
934
936
968
993
1002
1005
1007
1009
1011
1013
1015
1017
1019
1051
1076
1085
1088
1090
1092
1094
1096
1098
1100
1102
1134
24
33
77
86
126
135
175
184
224
233
301
310
374
383
447
456
524
533
601
610
674
683
747
756
824
833
911
920
994
1003
1077
1086
5
6
14
15
19
1716
1718
1720
1722
1724
1726
1728
1730
1732
1734
1736
1738
1740
1742
1744
1746
1748
1750
1752
1754
1756
1758
1760
1762
1764
1766
1768
1770
1772
1774
1776
1778
1780
1782
1784
1786
1788
1790
1792
1794
1796
1798
1800
1802
1804
1806
1808
1810
1812
1814
1816
1818
1820
1822
1824
1826
1828
1830
1832
1834
1836
1838
1840
1842
1844
1846
1848
1850
1852
1854
1856
1858
1860
1862
1864
1866
1868
1870
1872
1874
1876
1878
1880
1882
1884
1886
1888
1890
1892
1894
1896
1898
1900
1902
1904
1906
1908
1910
1912
1914
1916
1918
1920
1922
1924
1926
1928
1930
1932
1934
1936
1938
1940
1942
1944
1946
1948
1950
1952
1954
1956
1958
1960
1962
1964
1966
1968
1970
1972
1974
1976
1978
1980
1982
1984
1986
1988
1990
1992
1994
1996
1998
2000
2002
2004
2006
2008
2010
2012
2014
2016
2018
2020
2022
2024
2026
2028
2030
2032
2034
2036
2038
2040
2042
2044
20
26
28
30
2046
2048
40
2050
2052
41
48
49
53
55
2054
2056
60
2058
2060
61
67
68
72
2062
73
2064
79
2066
81
2068
83
2070
2072
91
2074
2076
92
97
98
2078
102
2080
104
2082
2084
109
2086
2088
110
116
117
2090
121
2092
122
2094
128
2096
130
2098
132
2100
2102
140
2104
2106
141
146
147
2108
151
2110
153
2112
2114
158
2116
2118
159
165
166
2120
170
2122
171
2124
177
2126
179
2128
181
2130
2132
189
2134
2136
190
195
196
2138
200
2140
202
2142
2144
207
2146
2148
208
214
215
2150
219
2152
220
2154
226
2156
228
2158
230
2160
2162
256
2164
2166
257
264
265
2168
269
2170
270
2172
273
2174
274
2176
277
2178
279
2180
281
2182
283
2184
2186
286
2188
2190
287
291
292
2192
296
2194
297
2196
303
2198
305
2200
307
2202
2204
331
2206
2208
332
337
338
2210
342
2212
343
2214
346
2216
347
2218
350
2220
352
2222
354
2224
356
2226
2228
359
2230
2232
360
364
365
2234
369
2236
370
2238
376
2240
378
2242
380
2244
2246
404
2248
2250
405
410
411
2252
415
2254
416
2256
419
2258
420
2260
423
2262
425
2264
427
2266
429
2268
2270
432
2272
2274
433
437
438
2276
442
2278
443
2280
449
2282
451
2284
453
2286
2288
477
2290
2292
478
483
484
2294
488
2296
489
2298
492
2300
493
2302
496
2304
498
2306
500
2308
502
2310
2312
507
2314
2316
508
514
515
2318
519
2320
520
2322
526
2324
528
2326
530
2328
2330
556
2332
2334
557
564
565
2336
569
2338
570
2340
573
2342
574
2344
577
2346
579
2348
581
2350
583
2352
2354
586
2356
2358
587
591
592
2360
596
2362
597
2364
603
2366
605
2368
607
2370
2372
631
2374
2376
632
637
638
2378
642
2380
643
2382
646
2384
647
2386
650
2388
652
2390
654
2392
656
2394
2396
659
2398
2400
660
664
665
2402
669
2404
670
2406
676
2408
678
2410
680
2412
2414
704
2416
2418
705
710
711
2420
715
2422
716
2424
719
2426
720
2428
723
2430
725
2432
727
2434
729
2436
2438
732
2440
2442
733
737
738
2444
742
2446
743
2448
749
2450
751
2452
753
2454
2456
777
2458
2460
778
783
784
2462
788
2464
789
2466
792
2468
793
2470
796
2472
798
2474
800
2476
802
2478
2480
807
2482
2484
808
814
815
2486
819
2488
820
2490
826
2492
828
2494
830
2496
2498
856
2500
2502
857
864
865
2504
869
2506
870
2508
873
2510
874
2512
877
2514
879
2516
881
2518
883
2520
887
2522
889
2524
2526
896
2528
2530
897
901
902
2532
906
2534
907
2536
913
2538
915
2540
917
2542
2544
941
2546
2548
942
947
948
2550
952
2552
953
2554
956
2556
957
2558
960
2560
962
2562
964
2564
966
2566
970
2568
972
2570
2572
979
2574
2576
980
984
985
2578
989
2580
990
2582
996
2584
998
2586
1000
2588
2590
1024
2592
2594
1025
1030
1031
2596
1035
2598
1036
2600
1039
2602
1040
2604
1043
2606
1045
2608
1047
2610
1049
2612
1053
2614
1055
2616
2618
1062
2620
2622
1063
1067
1068
2624
1072
2626
1073
2628
1079
2630
1081
2632
1083
2634
2636
1107
2638
2640
1108
1113
1114
2642
1118
2644
1119
2646
1122
2648
1123
2650
1126
2652
1128
2654
1130
2656
1132
2658
1136
2660
1138
0
1
3
7
209
509
809
1145
2
4
8
9
1147
1148
63
112
161
1146
10
12
16
216
516
816
1149
11
13
17
18
1151
1152
21
1144
22
25
1156
27
1153
1154
29
1157
31
34
1159
1161
70
119
168
1150
35
36
38
1158
42
50
1163
37
39
43
44
1165
1166
54
1162
94
143
192
1164
45
46
47
51
52
1169
1170
56
1167
100
149
198
1168
57
58
59
62
64
1175
1176
288
588
898
1174
65
66
69
71
1178
1179
74
1173
75
78
1183
80
1180
1181
82
1184
84
87
1186
1188
293
593
903
1177
88
89
90
1185
93
95
1191
1192
99
1190
103
1189
96
101
1194
1195
105
1193
106
107
108
111
113
1200
1201
361
661
981
1199
114
115
118
120
1203
1204
123
1198
124
127
1208
129
1205
1206
131
1209
133
136
1211
1213
366
666
986
1202
137
138
139
1210
142
144
1216
1217
148
1215
152
1214
145
150
1219
1220
154
1218
155
156
157
160
162
1225
1226
434
734
1064
1224
163
164
167
169
1228
1229
172
1223
173
176
1233
178
1230
1231
180
1234
182
185
1236
1238
439
739
1069
1227
186
187
188
1235
191
193
1241
1242
197
1240
201
1239
194
199
1244
1245
203
1243
204
205
206
210
211
1250
1251
289
362
435
1249
212
213
217
218
1253
1254
221
1248
222
225
1258
227
1255
1256
229
1259
231
234
1261
1263
236
238
1155
240
1265
242
1257
244
1267
246
1262
248
1160
250
1269
1270
278
1171
280
1172
1266
294
367
440
1252
251
252
254
1260
258
266
1273
253
255
259
260
1275
1276
271
1272
272
1281
282
1282
1285
334
407
480
1274
261
262
263
267
268
1279
1280
275
1277
276
1283
1268
284
1284
1286
340
413
486
1278
285
290
1290
1291
295
1292
1293
298
1289
299
302
1297
304
1294
1295
306
1298
308
311
1300
1302
313
315
1182
317
1304
319
1296
321
1306
323
1301
325
1187
327
1308
1309
351
1196
353
1197
1305
328
329
330
1299
333
335
1313
1314
339
1312
344
1311
345
1318
355
1319
1322
336
341
1316
1317
348
1315
349
1320
1307
357
1321
1323
358
363
1327
1328
368
1329
1330
371
1326
372
375
1334
377
1331
1332
379
1335
381
384
1337
1339
386
388
1207
390
1341
392
1333
394
1343
396
1338
398
1212
400
1345
1346
424
1221
426
1222
1342
401
402
403
1336
406
408
1350
1351
412
1349
417
1348
418
1355
428
1356
1359
409
414
1353
1354
421
1352
422
1357
1344
430
1358
1360
431
436
1364
1365
441
1366
1367
444
1363
445
448
1371
450
1368
1369
452
1372
454
457
1374
1376
459
461
1232
463
1378
465
1370
467
1380
469
1375
471
1237
473
1382
1383
497
1246
499
1247
1379
474
475
476
1373
479
481
1387
1388
485
1386
490
1385
491
1392
501
1393
1396
482
487
1390
1391
494
1389
495
1394
1381
503
1395
1397
504
505
506
510
511
1402
1403
589
662
735
1401
512
513
517
518
1405
1406
521
1400
522
525
1410
527
1407
1408
529
1411
531
534
1413
1415
536
538
1264
540
1417
542
1409
544
1419
546
1414
548
1271
550
1421
1422
578
1287
580
1288
1418
594
667
740
1404
551
552
554
1412
558
566
1425
553
555
559
560
1427
1428
571
1424
572
1433
582
1434
1437
634
707
780
1426
561
562
563
567
568
1431
1432
575
1429
576
1435
1420
584
1436
1438
640
713
786
1430
585
590
1442
1443
595
1444
1445
598
1441
599
602
1449
604
1446
1447
606
1450
608
611
1452
1454
613
615
1303
617
1456
619
1448
621
1458
623
1453
625
1310
627
1460
1461
651
1324
653
1325
1457
628
629
630
1451
633
635
1465
1466
639
1464
644
1463
645
1470
655
1471
1474
636
641
1468
1469
648
1467
649
1472
1459
657
1473
1475
658
663
1479
1480
668
1481
1482
671
1478
672
675
1486
677
1483
1484
679
1487
681
684
1489
1491
686
688
1340
690
1493
692
1485
694
1495
696
1490
698
1347
700
1497
1498
724
1361
726
1362
1494
701
702
703
1488
706
708
1502
1503
712
1501
717
1500
718
1507
728
1508
1511
709
714
1505
1506
721
1504
722
1509
1496
730
1510
1512
731
736
1516
1517
741
1518
1519
744
1515
745
748
1523
750
1520
1521
752
1524
754
757
1526
1528
759
761
1377
763
1530
765
1522
767
1532
769
1527
771
1384
773
1534
1535
797
1398
799
1399
1531
774
775
776
1525
779
781
1539
1540
785
1538
790
1537
791
1544
801
1545
1548
782
787
1542
1543
794
1541
795
1546
1533
803
1547
1549
804
805
806
810
811
1554
1555
899
982
1065
1553
812
813
817
818
1557
1558
821
1552
822
825
1562
827
1559
1560
829
1563
831
834
1565
1567
836
838
1416
840
1569
842
1561
844
1571
846
1566
848
1423
850
1573
1574
878
1439
880
1440
1570
886
893
1575
894
1568
904
987
1070
1556
851
852
854
1564
858
866
1577
853
855
859
860
1579
1580
871
1576
872
1585
882
1586
1589
888
1591
891
1594
944
1027
1110
1578
861
862
863
867
868
1583
1584
875
1581
876
1587
1572
884
1588
1590
890
1592
1593
892
1595
950
1033
1116
1582
895
900
1597
1598
905
1599
1600
908
1596
909
912
1604
914
1601
1602
916
1605
918
921
1607
1609
923
925
1455
927
1611
929
1603
931
1613
933
1608
935
1462
937
1615
1616
961
1476
963
1477
1612
969
976
1617
977
1610
938
939
940
1606
943
945
1620
1621
949
1619
954
1618
955
1625
965
1626
1629
971
1631
974
1634
946
951
1623
1624
958
1622
959
1627
1614
967
1628
1630
973
1632
1633
975
1635
978
983
1637
1638
988
1639
1640
991
1636
992
995
1644
997
1641
1642
999
1645
1001
1004
1647
1649
1006
1008
1492
1010
1651
1012
1643
1014
1653
1016
1648
1018
1499
1020
1655
1656
1044
1513
1046
1514
1652
1052
1059
1657
1060
1650
1021
1022
1023
1646
1026
1028
1660
1661
1032
1659
1037
1658
1038
1665
1048
1666
1669
1054
1671
1057
1674
1029
1034
1663
1664
1041
1662
1042
1667
1654
1050
1668
1670
1056
1672
1673
1058
1675
1061
1066
1677
1678
1071
1679
1680
1074
1676
1075
1078
1684
1080
1681
1682
1082
1685
1084
1087
1687
1689
1089
1091
1529
1093
1691
1095
1683
1097
1693
1099
1688
1101
1536
1103
1695
1696
1127
1550
1129
1551
1692
1135
1142
1697
1143
1690
1104
1105
1106
1686
1109
1111
1700
1701
1115
1699
1120
1698
1121
1705
1131
1706
1709
1137
1711
1140
1714
1112
1117
1703
1704
1124
1702
1125
1707
1694
1133
1708
1710
1139
1712
1713
1141
1715
