1
3
2
4
5
7
6
8
10
12
11
13
14
16
15
17
19
21
20
22
4160
4162
23
25
4164
4166
24
26
28
30
29
31
32
34
33
35
37
39
38
40
4168
4170
41
43
4172
4174
42
44
46
48
47
49
50
52
51
53
55
57
56
58
4176
4178
59
61
4180
4182
60
62
64
66
65
67
68
70
69
71
75
76
4184
4186
77
79
4188
4190
78
80
82
83
84
86
85
87
89
90
4192
4194
91
93
4196
4198
92
94
96
97
98
100
99
101
103
104
4200
4202
105
107
4204
4206
106
108
110
111
112
114
113
115
117
118
4208
4210
119
121
4212
4214
120
122
124
125
126
128
127
129
133
134
4216
4218
135
137
4220
4222
136
138
140
141
142
144
143
145
147
148
4224
4226
149
151
4228
4230
150
152
154
155
156
158
157
159
161
162
4232
4234
163
165
4236
4238
164
166
168
169
170
172
171
173
175
176
4240
4242
177
179
4244
4246
178
180
182
183
184
186
185
187
4248
4250
4252
4254
4256
4258
4260
4262
4264
4266
4268
4270
4272
4274
4276
4278
4280
4282
4284
4286
4288
4290
4292
4294
4296
4298
4300
4302
4304
4306
4308
4310
191
192
4312
4314
193
195
4316
4318
194
196
198
199
200
202
201
203
205
206
4320
4322
207
209
4324
4326
208
210
212
213
214
216
215
217
219
220
4328
4330
221
223
4332
4334
222
224
226
227
228
230
229
231
233
234
4336
4338
235
237
4340
4342
236
238
240
241
242
244
243
245
249
250
4344
4346
251
253
4348
4350
252
254
256
257
258
260
259
261
263
264
4352
4354
265
267
4356
4358
266
268
270
271
272
274
273
275
277
278
4360
4362
279
281
4364
4366
280
282
284
285
286
288
287
289
291
292
4368
4370
293
295
4372
4374
294
296
298
299
300
302
301
303
307
308
4376
4378
309
311
4380
4382
310
312
314
315
316
318
317
319
321
322
4384
4386
323
325
4388
4390
324
326
328
329
330
332
331
333
335
336
4392
4394
337
339
4396
4398
338
340
342
343
344
346
345
347
349
350
4400
4402
351
353
4404
4406
352
354
356
357
358
360
359
361
365
366
4408
4410
367
369
4412
4414
368
370
372
373
374
376
375
377
379
380
4416
4418
381
383
4420
4422
382
384
386
387
388
390
389
391
393
394
4424
4426
395
397
4428
4430
396
398
400
401
402
404
403
405
407
408
4432
4434
409
411
4436
4438
410
412
414
415
416
418
417
419
4440
4442
4444
4446
4448
4450
4452
4454
4456
4458
4460
4462
4464
4466
4468
4470
4472
4474
4476
4478
4480
4482
4484
4486
4488
4490
4492
4494
4496
4498
4500
4502
423
424
4504
4506
425
427
2945
4508
4510
426
428
430
431
432
434
2949
433
435
437
438
4512
4514
439
441
2953
4516
4518
440
442
444
445
446
448
2957
447
449
451
452
4520
4522
453
455
2961
4524
4526
454
456
458
459
460
462
2965
461
463
465
466
4528
4530
467
469
2969
4532
4534
468
470
472
473
474
476
2973
475
477
481
482
4536
4538
483
485
4540
4542
484
486
488
489
490
492
491
493
495
496
4544
4546
497
499
4548
4550
498
500
502
503
504
506
505
507
509
510
4552
4554
511
513
4556
4558
512
514
516
517
518
520
519
521
523
524
4560
4562
525
527
4564
4566
526
528
530
531
532
534
533
535
4568
4570
539
541
4572
4574
540
542
544
546
545
547
4576
4578
549
551
4580
4582
550
552
554
556
555
557
4584
4586
559
561
4588
4590
560
562
564
566
565
567
4592
4594
569
571
4596
4598
570
572
574
576
575
577
4600
4602
581
583
4604
4606
582
584
586
588
587
589
4608
4610
591
593
4612
4614
592
594
596
598
597
599
4616
4618
601
603
4620
4622
602
604
606
608
607
609
4624
4626
611
613
4628
4630
612
614
616
618
617
619
4632
4634
623
625
4636
4638
624
626
628
630
629
631
4640
4642
633
635
4644
4646
634
636
638
640
639
641
4648
4650
643
645
4652
4654
644
646
648
650
649
651
4656
4658
653
655
4660
4662
654
656
658
660
659
661
4664
4666
665
667
4668
4670
666
668
670
672
671
673
4672
4674
675
677
4676
4678
676
678
680
682
681
683
4680
4682
685
687
4684
4686
686
688
690
692
691
693
4688
4690
695
697
4692
4694
696
698
700
702
701
703
4696
4698
707
709
4700
4702
708
710
712
714
713
715
4704
4706
717
719
4708
4710
718
720
722
724
723
725
4712
4714
727
729
4716
4718
728
730
732
734
733
735
4720
4722
737
739
4724
4726
738
740
742
744
743
745
4728
4730
749
751
4732
4734
750
752
754
756
755
757
4736
4738
759
761
4740
4742
760
762
764
766
765
767
4744
4746
769
771
4748
4750
770
772
774
776
775
777
4752
4754
779
781
4756
4758
780
782
784
786
785
787
4760
4762
791
793
3153
4764
4766
792
794
796
798
3156
797
799
4768
4770
801
803
3159
4772
4774
802
804
806
808
3162
807
809
4776
4778
811
813
3165
4780
4782
812
814
816
818
3168
817
819
4784
4786
821
823
3171
4788
4790
822
824
826
828
3174
827
829
833
834
4792
4794
835
837
4796
4798
836
838
840
841
842
844
843
845
847
848
4800
4802
849
851
4804
4806
850
852
854
855
856
858
857
859
861
862
4808
4810
863
865
4812
4814
864
866
868
869
870
872
871
873
875
876
4816
4818
877
879
4820
4822
878
880
882
883
884
886
885
887
4824
4826
891
893
4828
4830
892
894
896
898
897
899
4832
4834
901
903
4836
4838
902
904
906
908
907
909
4840
4842
911
913
4844
4846
912
914
916
918
917
919
4848
4850
921
923
4852
4854
922
924
926
928
927
929
4856
4858
933
935
4860
4862
934
936
938
940
939
941
4864
4866
943
945
4868
4870
944
946
948
950
949
951
4872
4874
953
955
4876
4878
954
956
958
960
959
961
4880
4882
963
965
4884
4886
964
966
968
970
969
971
4888
4890
975
977
4892
4894
976
978
980
982
981
983
4896
4898
985
987
4900
4902
986
988
990
992
991
993
4904
4906
995
997
4908
4910
996
998
1000
1002
1001
1003
4912
4914
1005
1007
4916
4918
1006
1008
1010
1012
1011
1013
4920
4922
1017
1019
4924
4926
1018
1020
1022
1024
1023
1025
4928
4930
1027
1029
4932
4934
1028
1030
1032
1034
1033
1035
4936
4938
1037
1039
4940
4942
1038
1040
1042
1044
1043
1045
4944
4946
1047
1049
4948
4950
1048
1050
1052
1054
1053
1055
4952
4954
1059
1061
4956
4958
1060
1062
1064
1066
1065
1067
4960
4962
1069
1071
4964
4966
1070
1072
1074
1076
1075
1077
4968
4970
1079
1081
4972
4974
1080
1082
1084
1086
1085
1087
4976
4978
1089
1091
4980
4982
1090
1092
1094
1096
1095
1097
4984
4986
1101
1103
4988
4990
1102
1104
1106
1108
1107
1109
4992
4994
1111
1113
4996
4998
1112
1114
1116
1118
1117
1119
5000
5002
1121
1123
5004
5006
1122
1124
1126
1128
1127
1129
5008
5010
1131
1133
5012
5014
1132
1134
1136
1138
1137
1139
5016
5018
1143
1145
3297
5020
5022
1144
1146
1148
1150
3300
1149
1151
5024
5026
1153
1155
3303
5028
5030
1154
1156
1158
1160
3306
1159
1161
5032
5034
1163
1165
3309
5036
5038
1164
1166
1168
1170
3312
1169
1171
5040
5042
1173
1175
3315
5044
5046
1174
1176
1178
1180
3318
1179
1181
1185
1186
5048
5050
1187
1189
5052
5054
1188
1190
1192
1193
1194
1196
1195
1197
1199
1200
5056
5058
1201
1203
5060
5062
1202
1204
1206
1207
1208
1210
1209
1211
1213
1214
5064
5066
1215
1217
5068
5070
1216
1218
1220
1221
1222
1224
1223
1225
1227
1228
5072
5074
1229
1231
5076
5078
1230
1232
1234
1235
1236
1238
1237
1239
5080
5082
1243
1245
5084
5086
1244
1246
1248
1250
1249
1251
5088
5090
1253
1255
5092
5094
1254
1256
1258
1260
1259
1261
5096
5098
1263
1265
5100
5102
1264
1266
1268
1270
1269
1271
5104
5106
1273
1275
5108
5110
1274
1276
1278
1280
1279
1281
5112
5114
1285
1287
5116
5118
1286
1288
1290
1292
1291
1293
5120
5122
1295
1297
5124
5126
1296
1298
1300
1302
1301
1303
5128
5130
1305
1307
5132
5134
1306
1308
1310
1312
1311
1313
5136
5138
1315
1317
5140
5142
1316
1318
1320
1322
1321
1323
5144
5146
1327
1329
5148
5150
1328
1330
1332
1334
1333
1335
5152
5154
1337
1339
5156
5158
1338
1340
1342
1344
1343
1345
5160
5162
1347
1349
5164
5166
1348
1350
1352
1354
1353
1355
5168
5170
1357
1359
5172
5174
1358
1360
1362
1364
1363
1365
5176
5178
1369
1371
5180
5182
1370
1372
1374
1376
1375
1377
5184
5186
1379
1381
5188
5190
1380
1382
1384
1386
1385
1387
5192
5194
1389
1391
5196
5198
1390
1392
1394
1396
1395
1397
5200
5202
1399
1401
5204
5206
1400
1402
1404
1406
1405
1407
5208
5210
1411
1413
5212
5214
1412
1414
1416
1418
1417
1419
5216
5218
1421
1423
5220
5222
1422
1424
1426
1428
1427
1429
5224
5226
1431
1433
5228
5230
1432
1434
1436
1438
1437
1439
5232
5234
1441
1443
5236
5238
1442
1444
1446
1448
1447
1449
5240
5242
1453
1455
5244
5246
1454
1456
1458
1460
1459
1461
5248
5250
1463
1465
5252
5254
1464
1466
1468
1470
1469
1471
5256
5258
1473
1475
5260
5262
1474
1476
1478
1480
1479
1481
5264
5266
1483
1485
5268
5270
1484
1486
1488
1490
1489
1491
5272
5274
1495
1497
3441
5276
5278
1496
1498
1500
1502
3444
1501
1503
5280
5282
1505
1507
3447
5284
5286
1506
1508
1510
1512
3450
1511
1513
5288
5290
1515
1517
3453
5292
5294
1516
1518
1520
1522
3456
1521
1523
5296
5298
1525
1527
3459
5300
5302
1526
1528
1530
1532
3462
1531
1533
1537
1538
5304
5306
1539
1541
5308
5310
1540
1542
1544
1545
1546
1548
1547
1549
1551
1552
5312
5314
1553
1555
5316
5318
1554
1556
1558
1559
1560
1562
1561
1563
1565
1566
5320
5322
1567
1569
5324
5326
1568
1570
1572
1573
1574
1576
1575
1577
1579
1580
5328
5330
1581
1583
5332
5334
1582
1584
1586
1587
1588
1590
1589
1591
5336
5338
1595
1597
5340
5342
1596
1598
1600
1602
1601
1603
5344
5346
1605
1607
5348
5350
1606
1608
1610
1612
1611
1613
5352
5354
1615
1617
5356
5358
1616
1618
1620
1622
1621
1623
5360
5362
1625
1627
5364
5366
1626
1628
1630
1632
1631
1633
5368
5370
1637
1639
5372
5374
1638
1640
1642
1644
1643
1645
5376
5378
1647
1649
5380
5382
1648
1650
1652
1654
1653
1655
5384
5386
1657
1659
5388
5390
1658
1660
1662
1664
1663
1665
5392
5394
1667
1669
5396
5398
1668
1670
1672
1674
1673
1675
5400
5402
1679
1681
5404
5406
1680
1682
1684
1686
1685
1687
5408
5410
1689
1691
5412
5414
1690
1692
1694
1696
1695
1697
5416
5418
1699
1701
5420
5422
1700
1702
1704
1706
1705
1707
5424
5426
1709
1711
5428
5430
1710
1712
1714
1716
1715
1717
5432
5434
1721
1723
5436
5438
1722
1724
1726
1728
1727
1729
5440
5442
1731
1733
5444
5446
1732
1734
1736
1738
1737
1739
5448
5450
1741
1743
5452
5454
1742
1744
1746
1748
1747
1749
5456
5458
1751
1753
5460
5462
1752
1754
1756
1758
1757
1759
5464
5466
1763
1765
5468
5470
1764
1766
1768
1770
1769
1771
5472
5474
1773
1775
5476
5478
1774
1776
1778
1780
1779
1781
5480
5482
1783
1785
5484
5486
1784
1786
1788
1790
1789
1791
5488
5490
1793
1795
5492
5494
1794
1796
1798
1800
1799
1801
5496
5498
1805
1807
5500
5502
1806
1808
1810
1812
1811
1813
5504
5506
1815
1817
5508
5510
1816
1818
1820
1822
1821
1823
5512
5514
1825
1827
5516
5518
1826
1828
1830
1832
1831
1833
5520
5522
1835
1837
5524
5526
1836
1838
1840
1842
1841
1843
5528
5530
1847
1849
3585
5532
5534
1848
1850
1852
1854
3588
1853
1855
5536
5538
1857
1859
3591
5540
5542
1858
1860
1862
1864
3594
1863
1865
5544
5546
1867
1869
3597
5548
5550
1868
1870
1872
1874
3600
1873
1875
5552
5554
1877
1879
3603
5556
5558
1878
1880
1882
1884
3606
1883
1885
1889
1890
5560
5562
1891
1893
5564
5566
1892
1894
1896
1897
1898
1900
1899
1901
1903
1904
5568
5570
1905
1907
5572
5574
1906
1908
1910
1911
1912
1914
1913
1915
1917
1918
5576
5578
1919
1921
5580
5582
1920
1922
1924
1925
1926
1928
1927
1929
1931
1932
5584
5586
1933
1935
5588
5590
1934
1936
1938
1939
1940
1942
1941
1943
5592
5594
1947
1949
5596
5598
1948
1950
1952
1954
1953
1955
5600
5602
1957
1959
5604
5606
1958
1960
1962
1964
1963
1965
5608
5610
1967
1969
5612
5614
1968
1970
1972
1974
1973
1975
5616
5618
1977
1979
5620
5622
1978
1980
1982
1984
1983
1985
5624
5626
1989
1991
5628
5630
1990
1992
1994
1996
1995
1997
5632
5634
1999
2001
5636
5638
2000
2002
2004
2006
2005
2007
5640
5642
2009
2011
5644
5646
2010
2012
2014
2016
2015
2017
5648
5650
2019
2021
5652
5654
2020
2022
2024
2026
2025
2027
5656
5658
2031
2033
5660
5662
2032
2034
2036
2038
2037
2039
5664
5666
2041
2043
5668
5670
2042
2044
2046
2048
2047
2049
5672
5674
2051
2053
5676
5678
2052
2054
2056
2058
2057
2059
5680
5682
2061
2063
5684
5686
2062
2064
2066
2068
2067
2069
5688
5690
2073
2075
5692
5694
2074
2076
2078
2080
2079
2081
5696
5698
2083
2085
5700
5702
2084
2086
2088
2090
2089
2091
5704
5706
2093
2095
5708
5710
2094
2096
2098
2100
2099
2101
5712
5714
2103
2105
5716
5718
2104
2106
2108
2110
2109
2111
5720
5722
2115
2117
5724
5726
2116
2118
2120
2122
2121
2123
5728
5730
2125
2127
5732
5734
2126
2128
2130
2132
2131
2133
5736
5738
2135
2137
5740
5742
2136
2138
2140
2142
2141
2143
5744
5746
2145
2147
5748
5750
2146
2148
2150
2152
2151
2153
5752
5754
2157
2159
5756
5758
2158
2160
2162
2164
2163
2165
5760
5762
2167
2169
5764
5766
2168
2170
2172
2174
2173
2175
5768
5770
2177
2179
5772
5774
2178
2180
2182
2184
2183
2185
5776
5778
2187
2189
5780
5782
2188
2190
2192
2194
2193
2195
5784
5786
2199
2201
3729
5788
5790
2200
2202
2204
2206
3732
2205
2207
5792
5794
2209
2211
3735
5796
5798
2210
2212
2214
2216
3738
2215
2217
5800
5802
2219
2221
3741
5804
5806
2220
2222
2224
2226
3744
2225
2227
5808
5810
2229
2231
3747
5812
5814
2230
2232
2234
2236
3750
2235
2237
2241
2242
5816
5818
2243
2245
5820
5822
2244
2246
2248
2249
2250
2252
2251
2253
2255
2256
5824
5826
2257
2259
5828
5830
2258
2260
2262
2263
2264
2266
2265
2267
2269
2270
5832
5834
2271
2273
5836
5838
2272
2274
2276
2277
2278
2280
2279
2281
2283
2284
5840
5842
2285
2287
5844
5846
2286
2288
2290
2291
2292
2294
2293
2295
5848
5850
2299
2301
5852
5854
2300
2302
2304
2306
2305
2307
5856
5858
2309
2311
5860
5862
2310
2312
2314
2316
2315
2317
5864
5866
2319
2321
5868
5870
2320
2322
2324
2326
2325
2327
5872
5874
2329
2331
5876
5878
2330
2332
2334
2336
2335
2337
5880
5882
2341
2343
5884
5886
2342
2344
2346
2348
2347
2349
5888
5890
2351
2353
5892
5894
2352
2354
2356
2358
2357
2359
5896
5898
2361
2363
5900
5902
2362
2364
2366
2368
2367
2369
5904
5906
2371
2373
5908
5910
2372
2374
2376
2378
2377
2379
5912
5914
2383
2385
5916
5918
2384
2386
2388
2390
2389
2391
5920
5922
2393
2395
5924
5926
2394
2396
2398
2400
2399
2401
5928
5930
2403
2405
5932
5934
2404
2406
2408
2410
2409
2411
5936
5938
2413
2415
5940
5942
2414
2416
2418
2420
2419
2421
5944
5946
2425
2427
5948
5950
2426
2428
2430
2432
2431
2433
5952
5954
2435
2437
5956
5958
2436
2438
2440
2442
2441
2443
5960
5962
2445
2447
5964
5966
2446
2448
2450
2452
2451
2453
5968
5970
2455
2457
5972
5974
2456
2458
2460
2462
2461
2463
5976
5978
2467
2469
5980
5982
2468
2470
2472
2474
2473
2475
5984
5986
2477
2479
5988
5990
2478
2480
2482
2484
2483
2485
5992
5994
2487
2489
5996
5998
2488
2490
2492
2494
2493
2495
6000
6002
2497
2499
6004
6006
2498
2500
2502
2504
2503
2505
6008
6010
2509
2511
6012
6014
2510
2512
2514
2516
2515
2517
6016
6018
2519
2521
6020
6022
2520
2522
2524
2526
2525
2527
6024
6026
2529
2531
6028
6030
2530
2532
2534
2536
2535
2537
6032
6034
2539
2541
6036
6038
2540
2542
2544
2546
2545
2547
6040
6042
2551
2553
3873
6044
6046
2552
2554
2556
2558
3876
2557
2559
6048
6050
2561
2563
3879
6052
6054
2562
2564
2566
2568
3882
2567
2569
6056
6058
2571
2573
3885
6060
6062
2572
2574
2576
2578
3888
2577
2579
6064
6066
2581
2583
3891
6068
6070
2582
2584
2586
2588
3894
2587
2589
2593
2594
6072
6074
2595
2597
6076
6078
2596
2598
2946
2600
2601
2602
2604
2603
2605
2950
2607
2608
6080
6082
2609
2611
6084
6086
2610
2612
2954
2614
2615
2616
2618
2617
2619
2958
2621
2622
6088
6090
2623
2625
6092
6094
2624
2626
2962
2628
2629
2630
2632
2631
2633
2966
2635
2636
6096
6098
2637
2639
6100
6102
2638
2640
2970
2642
2643
2644
2646
2645
2647
2974
6104
6106
2651
2653
6108
6110
2652
2654
2978
2656
2658
2657
2659
2981
6112
6114
2661
2663
6116
6118
2662
2664
2984
2666
2668
2667
2669
2987
6120
6122
2671
2673
6124
6126
2672
2674
2990
2676
2678
2677
2679
2993
6128
6130
2681
2683
6132
6134
2682
2684
2996
2686
2688
2687
2689
2999
6136
6138
2693
2695
6140
6142
2694
2696
3003
2698
2700
2699
2701
3006
6144
6146
2703
2705
6148
6150
2704
2706
3009
2708
2710
2709
2711
3012
6152
6154
2713
2715
6156
6158
2714
2716
3015
2718
2720
2719
2721
3018
6160
6162
2723
2725
6164
6166
2724
2726
3021
2728
2730
2729
2731
3024
6168
6170
2735
2737
6172
6174
2736
2738
3028
2740
2742
2741
2743
3031
6176
6178
2745
2747
6180
6182
2746
2748
3034
2750
2752
2751
2753
3037
6184
6186
2755
2757
6188
6190
2756
2758
3040
2760
2762
2761
2763
3043
6192
6194
2765
2767
6196
6198
2766
2768
3046
2770
2772
2771
2773
3049
6200
6202
2777
2779
6204
6206
2778
2780
3053
2782
2784
2783
2785
3056
6208
6210
2787
2789
6212
6214
2788
2790
3059
2792
2794
2793
2795
3062
6216
6218
2797
2799
6220
6222
2798
2800
3065
2802
2804
2803
2805
3068
6224
6226
2807
2809
6228
6230
2808
2810
3071
2812
2814
2813
2815
3074
6232
6234
2819
2821
6236
6238
2820
2822
3078
2824
2826
2825
2827
3081
6240
6242
2829
2831
6244
6246
2830
2832
3084
2834
2836
2835
2837
3087
6248
6250
2839
2841
6252
6254
2840
2842
3090
2844
2846
2845
2847
3093
6256
6258
2849
2851
6260
6262
2850
2852
3096
2854
2856
2855
2857
3099
6264
6266
2861
2863
6268
6270
2862
2864
3103
2866
2868
2867
2869
3106
6272
6274
2871
2873
6276
6278
2872
2874
3109
2876
2878
2877
2879
3112
6280
6282
2881
2883
6284
6286
2882
2884
3115
2886
2888
2887
2889
3118
6288
6290
2891
2893
6292
6294
2892
2894
3121
2896
2898
2897
2899
3124
6296
6298
2903
2905
4017
6300
6302
2904
2906
3128
2908
2910
4020
2909
2911
3131
6304
6306
2913
2915
4023
6308
6310
2914
2916
3134
2918
2920
4026
2919
2921
3137
6312
6314
2923
2925
4029
6316
6318
2924
2926
3140
2928
2930
4032
2929
2931
3143
6320
6322
2933
2935
4035
6324
6326
2934
2936
3146
2938
2940
4038
2939
2941
3149
0
9
2947
2948
18
2951
2952
27
2955
2956
36
2959
2960
45
2963
2964
54
2967
2968
63
2971
2972
72
2975
2976
73
2944
74
81
2979
2980
88
2982
2983
95
2985
2986
102
2988
2989
109
2991
2992
116
2994
2995
123
2997
2998
130
3000
3001
131
2977
132
139
3004
3005
146
3007
3008
153
3010
3011
160
3013
3014
167
3016
3017
174
3019
3020
181
3022
3023
188
3025
3026
189
3002
190
197
3029
3030
204
3032
3033
211
3035
3036
218
3038
3039
225
3041
3042
232
3044
3045
239
3047
3048
246
3050
3051
247
3027
248
255
3054
3055
262
3057
3058
269
3060
3061
276
3063
3064
283
3066
3067
290
3069
3070
297
3072
3073
304
3075
3076
305
3052
306
313
3079
3080
320
3082
3083
327
3085
3086
334
3088
3089
341
3091
3092
348
3094
3095
355
3097
3098
362
3100
3101
363
3077
364
371
3104
3105
378
3107
3108
385
3110
3111
392
3113
3114
399
3116
3117
406
3119
3120
413
3122
3123
420
3125
3126
421
3102
422
429
3129
3130
436
3132
3133
443
3135
3136
450
3138
3139
457
3141
3142
464
3144
3145
471
3147
3148
478
3150
3151
479
3127
480
487
3154
3155
494
3157
3158
501
3160
3161
508
3163
3164
515
3166
3167
522
3169
3170
529
3172
3173
536
3175
3176
537
3152
538
543
3178
3179
548
3180
3181
553
3182
3183
558
3184
3185
563
3186
3187
568
3188
3189
573
3190
3191
578
3192
3193
579
3177
580
585
3195
3196
590
3197
3198
595
3199
3200
600
3201
3202
605
3203
3204
610
3205
3206
615
3207
3208
620
3209
3210
621
3194
622
627
3212
3213
632
3214
3215
637
3216
3217
642
3218
3219
647
3220
3221
652
3222
3223
657
3224
3225
662
3226
3227
663
3211
664
669
3229
3230
674
3231
3232
679
3233
3234
684
3235
3236
689
3237
3238
694
3239
3240
699
3241
3242
704
3243
3244
705
3228
706
711
3246
3247
716
3248
3249
721
3250
3251
726
3252
3253
731
3254
3255
736
3256
3257
741
3258
3259
746
3260
3261
747
3245
748
753
3263
3264
758
3265
3266
763
3267
3268
768
3269
3270
773
3271
3272
778
3273
3274
783
3275
3276
788
3277
3278
789
3262
790
795
3280
3281
800
3282
3283
805
3284
3285
810
3286
3287
815
3288
3289
820
3290
3291
825
3292
3293
830
3294
3295
831
3279
832
839
3298
3299
846
3301
3302
853
3304
3305
860
3307
3308
867
3310
3311
874
3313
3314
881
3316
3317
888
3319
3320
889
3296
890
895
3322
3323
900
3324
3325
905
3326
3327
910
3328
3329
915
3330
3331
920
3332
3333
925
3334
3335
930
3336
3337
931
3321
932
937
3339
3340
942
3341
3342
947
3343
3344
952
3345
3346
957
3347
3348
962
3349
3350
967
3351
3352
972
3353
3354
973
3338
974
979
3356
3357
984
3358
3359
989
3360
3361
994
3362
3363
999
3364
3365
1004
3366
3367
1009
3368
3369
1014
3370
3371
1015
3355
1016
1021
3373
3374
1026
3375
3376
1031
3377
3378
1036
3379
3380
1041
3381
3382
1046
3383
3384
1051
3385
3386
1056
3387
3388
1057
3372
1058
1063
3390
3391
1068
3392
3393
1073
3394
3395
1078
3396
3397
1083
3398
3399
1088
3400
3401
1093
3402
3403
1098
3404
3405
1099
3389
1100
1105
3407
3408
1110
3409
3410
1115
3411
3412
1120
3413
3414
1125
3415
3416
1130
3417
3418
1135
3419
3420
1140
3421
3422
1141
3406
1142
1147
3424
3425
1152
3426
3427
1157
3428
3429
1162
3430
3431
1167
3432
3433
1172
3434
3435
1177
3436
3437
1182
3438
3439
1183
3423
1184
1191
3442
3443
1198
3445
3446
1205
3448
3449
1212
3451
3452
1219
3454
3455
1226
3457
3458
1233
3460
3461
1240
3463
3464
1241
3440
1242
1247
3466
3467
1252
3468
3469
1257
3470
3471
1262
3472
3473
1267
3474
3475
1272
3476
3477
1277
3478
3479
1282
3480
3481
1283
3465
1284
1289
3483
3484
1294
3485
3486
1299
3487
3488
1304
3489
3490
1309
3491
3492
1314
3493
3494
1319
3495
3496
1324
3497
3498
1325
3482
1326
1331
3500
3501
1336
3502
3503
1341
3504
3505
1346
3506
3507
1351
3508
3509
1356
3510
3511
1361
3512
3513
1366
3514
3515
1367
3499
1368
1373
3517
3518
1378
3519
3520
1383
3521
3522
1388
3523
3524
1393
3525
3526
1398
3527
3528
1403
3529
3530
1408
3531
3532
1409
3516
1410
1415
3534
3535
1420
3536
3537
1425
3538
3539
1430
3540
3541
1435
3542
3543
1440
3544
3545
1445
3546
3547
1450
3548
3549
1451
3533
1452
1457
3551
3552
1462
3553
3554
1467
3555
3556
1472
3557
3558
1477
3559
3560
1482
3561
3562
1487
3563
3564
1492
3565
3566
1493
3550
1494
1499
3568
3569
1504
3570
3571
1509
3572
3573
1514
3574
3575
1519
3576
3577
1524
3578
3579
1529
3580
3581
1534
3582
3583
1535
3567
1536
1543
3586
3587
1550
3589
3590
1557
3592
3593
1564
3595
3596
1571
3598
3599
1578
3601
3602
1585
3604
3605
1592
3607
3608
1593
3584
1594
1599
3610
3611
1604
3612
3613
1609
3614
3615
1614
3616
3617
1619
3618
3619
1624
3620
3621
1629
3622
3623
1634
3624
3625
1635
3609
1636
1641
3627
3628
1646
3629
3630
1651
3631
3632
1656
3633
3634
1661
3635
3636
1666
3637
3638
1671
3639
3640
1676
3641
3642
1677
3626
1678
1683
3644
3645
1688
3646
3647
1693
3648
3649
1698
3650
3651
1703
3652
3653
1708
3654
3655
1713
3656
3657
1718
3658
3659
1719
3643
1720
1725
3661
3662
1730
3663
3664
1735
3665
3666
1740
3667
3668
1745
3669
3670
1750
3671
3672
1755
3673
3674
1760
3675
3676
1761
3660
1762
1767
3678
3679
1772
3680
3681
1777
3682
3683
1782
3684
3685
1787
3686
3687
1792
3688
3689
1797
3690
3691
1802
3692
3693
1803
3677
1804
1809
3695
3696
1814
3697
3698
1819
3699
3700
1824
3701
3702
1829
3703
3704
1834
3705
3706
1839
3707
3708
1844
3709
3710
1845
3694
1846
1851
3712
3713
1856
3714
3715
1861
3716
3717
1866
3718
3719
1871
3720
3721
1876
3722
3723
1881
3724
3725
1886
3726
3727
1887
3711
1888
1895
3730
3731
1902
3733
3734
1909
3736
3737
1916
3739
3740
1923
3742
3743
1930
3745
3746
1937
3748
3749
1944
3751
3752
1945
3728
1946
1951
3754
3755
1956
3756
3757
1961
3758
3759
1966
3760
3761
1971
3762
3763
1976
3764
3765
1981
3766
3767
1986
3768
3769
1987
3753
1988
1993
3771
3772
1998
3773
3774
2003
3775
3776
2008
3777
3778
2013
3779
3780
2018
3781
3782
2023
3783
3784
2028
3785
3786
2029
3770
2030
2035
3788
3789
2040
3790
3791
2045
3792
3793
2050
3794
3795
2055
3796
3797
2060
3798
3799
2065
3800
3801
2070
3802
3803
2071
3787
2072
2077
3805
3806
2082
3807
3808
2087
3809
3810
2092
3811
3812
2097
3813
3814
2102
3815
3816
2107
3817
3818
2112
3819
3820
2113
3804
2114
2119
3822
3823
2124
3824
3825
2129
3826
3827
2134
3828
3829
2139
3830
3831
2144
3832
3833
2149
3834
3835
2154
3836
3837
2155
3821
2156
2161
3839
3840
2166
3841
3842
2171
3843
3844
2176
3845
3846
2181
3847
3848
2186
3849
3850
2191
3851
3852
2196
3853
3854
2197
3838
2198
2203
3856
3857
2208
3858
3859
2213
3860
3861
2218
3862
3863
2223
3864
3865
2228
3866
3867
2233
3868
3869
2238
3870
3871
2239
3855
2240
2247
3874
3875
2254
3877
3878
2261
3880
3881
2268
3883
3884
2275
3886
3887
2282
3889
3890
2289
3892
3893
2296
3895
3896
2297
3872
2298
2303
3898
3899
2308
3900
3901
2313
3902
3903
2318
3904
3905
2323
3906
3907
2328
3908
3909
2333
3910
3911
2338
3912
3913
2339
3897
2340
2345
3915
3916
2350
3917
3918
2355
3919
3920
2360
3921
3922
2365
3923
3924
2370
3925
3926
2375
3927
3928
2380
3929
3930
2381
3914
2382
2387
3932
3933
2392
3934
3935
2397
3936
3937
2402
3938
3939
2407
3940
3941
2412
3942
3943
2417
3944
3945
2422
3946
3947
2423
3931
2424
2429
3949
3950
2434
3951
3952
2439
3953
3954
2444
3955
3956
2449
3957
3958
2454
3959
3960
2459
3961
3962
2464
3963
3964
2465
3948
2466
2471
3966
3967
2476
3968
3969
2481
3970
3971
2486
3972
3973
2491
3974
3975
2496
3976
3977
2501
3978
3979
2506
3980
3981
2507
3965
2508
2513
3983
3984
2518
3985
3986
2523
3987
3988
2528
3989
3990
2533
3991
3992
2538
3993
3994
2543
3995
3996
2548
3997
3998
2549
3982
2550
2555
4000
4001
2560
4002
4003
2565
4004
4005
2570
4006
4007
2575
4008
4009
2580
4010
4011
2585
4012
4013
2590
4014
4015
2591
3999
2592
2599
4018
4019
2606
4021
4022
2613
4024
4025
2620
4027
4028
2627
4030
4031
2634
4033
4034
2641
4036
4037
2648
4039
4040
2649
4016
2650
2655
4042
4043
2660
4044
4045
2665
4046
4047
2670
4048
4049
2675
4050
4051
2680
4052
4053
2685
4054
4055
2690
4056
4057
2691
4041
2692
2697
4059
4060
2702
4061
4062
2707
4063
4064
2712
4065
4066
2717
4067
4068
2722
4069
4070
2727
4071
4072
2732
4073
4074
2733
4058
2734
2739
4076
4077
2744
4078
4079
2749
4080
4081
2754
4082
4083
2759
4084
4085
2764
4086
4087
2769
4088
4089
2774
4090
4091
2775
4075
2776
2781
4093
4094
2786
4095
4096
2791
4097
4098
2796
4099
4100
2801
4101
4102
2806
4103
4104
2811
4105
4106
2816
4107
4108
2817
4092
2818
2823
4110
4111
2828
4112
4113
2833
4114
4115
2838
4116
4117
2843
4118
4119
2848
4120
4121
2853
4122
4123
2858
4124
4125
2859
4109
2860
2865
4127
4128
2870
4129
4130
2875
4131
4132
2880
4133
4134
2885
4135
4136
2890
4137
4138
2895
4139
4140
2900
4141
4142
2901
4126
2902
2907
4144
4145
2912
4146
4147
2917
4148
4149
2922
4150
4151
2927
4152
4153
2932
4154
4155
2937
4156
4157
2942
4158
4159
2943
4143
