80
81
84
82
85
1790
83
72
87
88
1791
68
69
73
1784
75
102
70
71
76
1785
94
95
103
1798
105
108
96
97
106
1799
98
99
109
1800
111
126
4
5
100
101
112
1801
118
119
127
1810
129
132
2
3
8
9
1752
6
7
18
19
120
121
130
1811
122
123
133
1812
135
150
0
10
1754
11
12
1753
26
27
1760
20
21
22
23
124
125
136
1813
142
143
151
1822
153
156
1
13
1755
1751
15
28
1764
29
30
1761
32
33
1762
24
25
42
43
144
145
154
1823
146
147
157
1824
159
489
14
31
1765
1757
17
34
1766
1749
35
36
1763
50
51
1772
44
45
46
47
148
149
160
1825
473
474
490
1988
174
492
495
16
37
1767
1759
1750
39
52
1776
53
54
1773
56
57
1774
48
49
62
166
167
175
1834
475
476
493
1989
477
478
496
1990
177
180
498
501
553
38
55
1777
1769
41
58
1778
1756
59
60
1775
465
63
168
169
178
1835
170
171
181
1836
479
480
499
1991
481
482
502
1992
521
522
554
2012
183
198
504
507
556
565
40
61
1779
1771
1758
162
467
90
172
173
184
1837
190
191
199
1846
483
484
505
1993
485
486
508
1994
523
524
557
2013
529
530
566
2016
186
201
204
510
559
568
577
164
187
469
92
192
193
202
1847
194
195
205
1848
487
488
511
1995
525
526
560
2014
531
532
569
2017
537
538
578
2020
188
207
222
562
571
580
589
189
471
114
196
197
208
1849
214
215
223
1858
527
528
563
2015
533
534
572
2018
539
540
581
2021
545
546
590
2024
210
225
228
574
583
592
641
116
211
513
216
217
226
1859
218
219
229
1860
535
536
575
2019
541
542
584
2022
547
548
593
2025
609
610
642
2052
212
235
231
246
586
595
644
653
234
138
213
515
602
220
221
232
1861
238
239
247
1870
543
544
587
2023
549
550
596
2026
611
612
645
2053
617
618
654
2056
237
249
252
598
647
656
665
259
140
466
236
517
604
329
330
240
241
250
1871
242
243
253
1872
551
552
599
2027
613
614
648
2054
619
620
657
2057
625
626
666
2060
601
255
650
659
668
677
258
261
163
468
64
65
66
67
74
1786
77
1787
345
346
1916
270
519
606
244
245
256
1873
615
616
651
2055
621
622
660
2058
627
628
669
2061
633
634
678
2064
331
332
333
334
603
662
671
680
729
165
470
514
260
322
348
349
1917
351
352
1918
273
276
608
623
624
663
2059
629
630
672
2062
635
636
681
2065
697
698
730
2092
335
336
337
338
262
263
271
1882
605
78
86
1792
674
683
732
741
472
516
321
324
279
690
354
355
1919
357
358
1920
631
632
675
2063
637
638
684
2066
699
700
733
2093
705
706
742
2096
79
89
1782
1783
1793
264
265
274
1883
266
267
277
1884
339
340
341
342
607
686
735
744
753
518
323
326
692
360
361
1921
363
364
1922
639
640
687
2067
701
702
736
2094
707
708
745
2097
713
714
754
2100
268
269
280
1885
343
344
778
779
802
803
826
827
850
851
738
747
756
765
520
925
780
781
2125
804
805
2137
828
829
2149
852
853
2161
325
328
689
694
366
367
1923
703
704
739
2095
709
710
748
2098
715
716
757
2101
721
722
766
2104
893
894
926
2188
784
785
808
809
832
833
856
857
750
759
768
928
937
786
787
2128
810
811
2140
834
835
2152
858
859
2164
327
691
777
801
825
849
696
711
712
751
2099
717
718
760
2102
723
724
769
2105
895
896
929
2189
901
902
938
2192
790
791
814
815
838
839
862
863
762
771
931
940
949
792
793
2131
816
817
2143
840
841
2155
864
865
2167
693
783
807
831
855
719
720
763
2103
725
726
772
2106
897
898
932
2190
903
904
941
2193
909
910
950
2196
377
378
796
797
820
821
844
845
868
869
774
934
943
952
961
798
799
2134
822
823
2146
846
847
2158
870
871
2170
695
789
813
837
861
727
728
775
2107
899
900
935
2191
905
906
944
2194
911
912
953
2197
917
918
962
2200
393
394
1940
379
380
381
382
946
955
964
1013
370
795
819
843
867
885
907
908
947
2195
913
914
956
2198
919
920
965
2201
981
982
1014
2228
396
397
1941
399
400
1942
383
384
385
386
958
967
1016
1025
369
372
887
915
916
959
2199
921
922
968
2202
983
984
1017
2229
989
990
1026
2232
402
403
1943
405
406
1944
873
874
387
388
389
390
970
1019
1028
1037
371
374
889
923
924
971
2203
985
986
1020
2230
991
992
1029
2233
997
998
1038
2236
876
877
408
409
1945
411
412
1946
391
392
1062
1063
1086
1087
1110
1111
1134
1135
1022
1031
1040
1049
1064
1065
2261
1088
1089
2273
1112
1113
2285
1136
1137
2297
373
376
891
987
988
1023
2231
993
994
1032
2234
999
1000
1041
2237
1005
1006
1050
2240
879
880
414
415
1947
886
1068
1069
1092
1093
1116
1117
1140
1141
1034
1043
1052
1070
1071
2264
1094
1095
2276
1118
1119
2288
1142
1143
2300
375
995
996
1035
2235
1001
1002
1044
2238
1007
1008
1053
2241
882
883
888
1074
1075
1098
1099
1122
1123
1146
1147
1046
1055
1193
1076
1077
2267
1100
1101
2279
1124
1125
2291
1148
1149
2303
1003
1004
1047
2239
1009
1010
1056
2242
1177
1178
1194
2324
890
1080
1081
1104
1105
1128
1129
1152
1153
1058
1196
1199
1082
1083
2270
1106
1107
2282
1130
1131
2294
1154
1155
2306
1011
1012
1059
2243
1179
1180
1197
2325
1181
1182
1200
2326
973
892
1202
1205
1257
1183
1184
1203
2327
1185
1186
1206
2328
1225
1226
1258
2348
975
1061
974
1085
1109
1133
1208
1211
1260
1269
91
104
1802
107
1795
1788
1803
976
977
1067
1091
1115
1139
1187
1188
1209
2329
1189
1190
1212
2330
1227
1228
1261
2349
1233
1234
1270
2352
1214
1263
1272
1281
93
110
1780
1804
113
1797
1789
1781
1805
978
979
1073
1097
1121
1145
1191
1192
1215
2331
1229
1230
1264
2350
1235
1236
1273
2353
1241
1242
1282
2356
425
426
1266
1275
1284
1293
115
128
1814
131
1807
1815
980
1079
1103
1127
1151
1231
1232
1267
2351
1237
1238
1276
2354
1243
1244
1285
2357
1249
1250
1294
2360
441
442
1964
117
134
1816
137
1809
1817
427
428
429
430
1278
1287
1296
1345
1239
1240
1279
2355
1245
1246
1288
2358
1251
1252
1297
2361
1313
1314
1346
2388
418
444
445
1965
447
448
1966
139
152
1826
155
1819
1794
1827
491
1996
176
1838
497
1998
182
1840
503
2000
509
2002
431
432
433
434
1290
1299
1348
1357
1247
1248
1291
2359
1253
1254
1300
2362
1315
1316
1349
2389
1321
1322
1358
2392
417
420
450
451
1967
453
454
1968
435
436
437
438
141
158
1806
1828
161
1821
1796
1808
1829
494
1981
1997
179
1831
1839
500
1983
1999
555
2028
185
1833
1841
506
1985
2001
567
2032
200
1850
558
2029
512
1987
2003
579
2036
206
1830
1852
570
2033
203
1843
1851
1768
561
2030
591
1980
2040
582
2037
209
1832
1845
1853
1770
573
2034
224
1862
564
2005
2031
230
1864
1842
594
1982
2041
585
2038
576
2007
2035
227
1855
1863
643
2068
655
2072
233
1857
1865
1844
597
1984
2042
588
2009
2039
248
1874
646
2069
667
2076
254
1876
1854
658
2073
600
2011
1986
2043
251
1875
1867
649
2070
679
2080
670
2077
257
1877
1856
1869
661
2074
272
1886
652
2045
2071
278
1888
1866
682
2081
673
2078
664
2047
2075
275
1887
1879
731
2108
743
2112
281
1889
1868
1881
685
2082
676
2049
2079
347
1924
734
2109
755
2116
353
1926
746
2113
688
2051
2083
350
1925
1909
737
2110
927
2204
767
2120
2044
359
1928
758
2117
356
1927
1911
749
2114
740
2085
2111
1908
939
2208
365
1930
930
2205
770
2121
2046
362
1929
1913
761
2118
752
2087
2115
1910
806
2138
782
2126
854
2162
830
2084
2150
951
2212
942
2209
368
1931
1915
933
2206
773
2122
2048
764
2089
2119
1912
836
2153
812
2141
788
2129
860
2086
2165
875
2173
2148
2124
2160
2136
963
2004
2216
954
2213
945
2210
776
2091
2123
2050
1914
866
2168
842
2156
818
2144
794
2088
2132
878
2175
2151
2127
2163
2139
936
2181
2172
2207
966
2006
2217
957
2214
800
2135
872
2171
848
2159
824
2090
2147
881
2177
2154
2130
2166
2142
948
2183
2174
2211
1015
2244
395
1948
1027
2248
969
2008
2218
884
2179
2145
2157
2133
2169
960
2185
2176
2215
1018
2245
401
1950
1039
2252
398
1949
1933
1030
2249
972
2187
2178
2010
2219
1021
2246
407
1952
1051
2180
2256
404
1951
1935
1042
2253
1033
2250
1024
2221
2247
1932
413
1954
410
1953
1937
1054
2182
2257
1045
2254
1036
2223
2251
1934
1090
2274
1066
2262
1138
2298
1114
2220
2286
416
1955
1939
1057
2184
2258
1048
2225
2255
1936
1120
2289
1096
2277
1072
2265
1144
2222
2301
1060
2227
2186
2259
1938
1126
2292
1102
2280
1078
2268
1150
2224
2304
1156
2307
1132
2295
1108
2283
1084
2226
2271
443
1972
449
1974
446
1973
1957
1302
1351
1360
1369
419
452
1975
1959
422
455
1976
456
457
1969
459
460
1970
439
440
1255
1256
1303
2363
1317
1318
1352
2390
1323
1324
1361
2393
1329
1330
1370
2396
1354
1363
1372
1381
421
458
1977
1961
424
461
1978
462
463
1971
1169
1319
1320
1355
2391
1325
1326
1364
2394
1331
1332
1373
2397
1337
1338
1382
2400
1366
1375
1384
1433
423
464
1979
1963
1171
1327
1328
1367
2395
1333
1334
1376
2398
1339
1340
1385
2401
1401
1402
1434
2428
1378
1387
1436
1445
1173
1335
1336
1379
2399
1341
1342
1388
2402
1403
1404
1437
2429
1409
1410
1446
2432
1390
1439
1448
1457
1175
1343
1344
1391
2403
1405
1406
1440
2430
1411
1412
1449
2433
1417
1418
1458
2436
1442
1451
1460
1469
1217
1407
1408
1443
2431
1413
1414
1452
2434
1419
1420
1461
2437
1425
1426
1470
2440
1454
1463
1472
1521
1219
1415
1416
1455
2435
1421
1422
1464
2438
1427
1428
1473
2441
1489
1490
1522
2468
1466
1475
1524
1533
1221
1423
1424
1467
2439
1429
1430
1476
2442
1491
1492
1525
2469
1497
1498
1534
2472
1478
1527
1536
1545
1223
1431
1432
1479
2443
1493
1494
1528
2470
1499
1500
1537
2473
1505
1506
1546
2476
1530
1539
1548
1557
1157
1158
1159
2309
2272
2284
2260
2296
1305
1495
1496
1531
2471
1501
1502
1540
2474
1507
1508
1549
2477
1513
1514
1558
2480
1542
1551
1560
1609
1160
1161
1162
2311
2275
2287
2263
2299
1307
1503
1504
1543
2475
1509
1510
1552
2478
1515
1516
1561
2481
1577
1578
1610
2508
1554
1563
1612
1621
1163
1164
1165
2313
2278
2290
2266
2302
1309
1511
1512
1555
2479
1517
1518
1564
2482
1579
1580
1613
2509
1585
1586
1622
2512
1166
1167
1168
2315
2305
2281
2293
2269
1566
1615
1624
1633
1311
1519
1520
1567
2483
1581
1582
1616
2510
1587
1588
1625
2513
1593
1594
1634
2516
1618
1627
1636
1645
1583
1584
1619
2511
1589
1590
1628
2514
1595
1596
1637
2517
1601
1602
1646
2520
1630
1639
1648
1697
1709
1721
1733
288
289
292
293
296
297
1591
1592
1631
2515
1597
1598
1640
2518
1603
1604
1649
2521
1665
1666
1698
2548
1673
1674
1710
2552
1681
1682
1722
2556
1689
1690
1734
2560
300
301
1896
306
307
1898
312
313
1900
1642
1651
1700
1712
1724
1736
290
291
294
295
298
299
283
302
1902
285
308
1904
287
314
1906
1878
1599
1600
1643
2519
1605
1606
1652
2522
1667
1668
1701
2549
1675
1676
1713
2553
1683
1684
1725
2557
1691
1692
1737
2561
303
304
1897
309
310
1899
315
316
1901
1654
1703
1715
1727
1739
282
305
1903
1891
318
1890
284
311
1905
1893
319
1892
286
317
1907
1895
1880
320
1894
1607
1608
1655
2523
1669
1670
1704
2550
1677
1678
1716
2554
1685
1686
1728
2558
1693
1694
1740
2562
1706
1718
1730
1742
1671
1672
1707
2551
1679
1680
1719
2555
1687
1688
1731
2559
1695
1696
1743
2563
1393
1395
1397
1399
1170
1195
2332
1198
2317
2308
2333
1481
1172
1201
2334
1204
2319
2310
2335
1483
1174
1207
2336
1210
2321
2312
2337
1485
1218
1259
2364
1262
2365
1265
2366
1176
1213
1818
2338
1216
2323
2314
1820
2339
1268
2341
2367
1487
1220
1271
2368
1274
2369
1277
2370
1280
2343
2371
1569
1222
1283
2372
1286
2373
1289
2374
1292
2345
2375
1571
1224
1295
2316
2376
1298
2318
2377
1301
2320
2378
1304
2347
2322
2379
1573
1306
1347
2404
1350
2405
1353
2406
1356
2381
2407
1956
1575
1308
1359
2408
1362
2409
1365
2410
1368
2383
2411
1958
1657
1659
1310
1371
2412
1374
2413
1377
2414
1380
2385
2415
1960
1661
1663
1312
1383
2340
2416
1386
2342
2417
1389
2344
2418
1392
2387
2346
2419
1962
1394
1435
2444
1438
2445
1441
2446
1444
2421
2447
1396
1447
2448
1450
2449
1453
2450
1456
2423
2451
1398
1459
2452
1462
2453
1465
2454
1468
2425
2455
1400
1471
2380
2456
1474
2382
2457
1477
2384
2458
1480
2427
2386
2459
1482
1523
2484
1526
2485
1529
2486
1532
2461
2487
1484
1535
2488
1538
2489
1541
2490
1544
2463
2491
1486
1547
2492
1550
2493
1553
2494
1556
2465
2495
1488
1559
2420
2496
1562
2422
2497
1565
2424
2498
1568
2467
2426
2499
1570
1611
2524
1614
2525
1617
2526
1620
2501
2527
1572
1623
2528
1626
2529
1629
2530
1632
2503
2531
1574
1635
2532
1638
2533
1641
2534
1644
2505
2535
1576
1647
2460
2536
1650
2462
2537
1653
2464
2538
1656
2507
2466
2539
1658
1699
2564
1702
2565
1705
2566
1708
2541
2567
1745
2540
1660
1711
2568
1714
2569
1717
2570
1720
2543
2571
1746
2542
1662
1723
2572
1726
2573
1729
2574
1732
2545
2575
1747
2544
1664
1735
2500
2576
1738
2502
2577
1741
2504
2578
1744
2547
2506
2579
1748
2546
