5
6
60
61
109
110
158
159
207
208
286
287
359
360
432
433
14
15
67
68
116
117
165
166
214
215
291
292
364
365
437
438
1
3
209
7
2
4
8
161
112
63
1146
58
59
288
62
107
108
361
111
156
157
160
434
205
206
289
210
435
362
1249
507
509
508
586
588
587
659
661
660
732
734
733
10
12
16
216
11
13
168
17
70
119
1150
65
66
293
69
114
115
366
118
163
164
439
167
212
213
440
217
294
367
1252
19
72
121
170
219
296
369
442
514
516
515
591
593
592
664
666
665
737
739
738
0
9
1147
1148
18
1152
1151
21
1144
57
64
1176
1175
71
1179
1178
74
1173
106
113
1201
1200
120
1204
1203
123
1198
155
162
1226
1225
169
1228
1229
172
1223
204
211
1251
1250
218
1253
1254
221
1248
285
290
1290
1291
295
1292
1293
298
1289
358
363
1328
1327
368
1329
1330
371
1326
431
436
1364
1365
441
1366
1367
444
1363
505
506
662
589
510
735
1401
23
76
125
174
223
300
373
446
20
22
73
75
122
124
171
173
220
222
297
299
370
372
443
445
807
809
1145
808
896
898
1174
897
979
981
1199
980
1062
1064
1224
1063
512
513
594
667
740
517
1404
24
25
1156
77
78
1183
126
127
1208
175
176
1233
224
225
1258
301
302
1297
374
375
1334
447
448
1371
235
236
312
313
385
386
458
459
26
27
1153
1154
79
80
1180
1181
128
129
1205
1206
177
178
1230
1231
226
227
1256
1255
303
304
1294
1295
376
377
1331
1332
449
450
1368
1369
519
596
669
742
814
816
1149
815
901
903
1177
902
984
986
1202
985
1067
1069
1227
1068
504
511
1402
1403
518
1405
1406
521
1400
585
590
1442
1443
595
1444
1445
598
1441
658
663
1480
1479
668
1481
1482
671
1478
731
736
1517
1516
741
1518
1519
744
1515
805
806
1065
810
899
982
1553
237
238
1155
241
242
1257
314
315
1182
318
319
1296
387
388
1207
391
392
1333
460
461
1232
464
465
1370
523
600
673
746
28
29
1157
81
82
1184
130
131
1209
179
180
1234
228
229
1259
305
306
1298
378
379
1335
451
452
1372
520
522
597
599
670
672
743
745
812
813
904
817
987
1070
1556
524
525
1410
601
602
1449
674
675
1486
747
748
1523
32
85
134
183
232
239
240
1265
243
244
1267
309
316
317
1304
320
321
1306
382
389
390
1341
393
394
1343
455
462
463
1378
466
467
1380
535
536
612
613
685
686
758
759
526
527
1408
1407
603
604
1446
1447
676
677
1483
1484
749
750
1521
1520
819
906
989
1072
804
811
1554
1555
818
1557
1558
821
1552
895
900
1597
1598
905
1600
1599
908
1596
978
983
1637
1638
988
1640
1639
991
1636
1061
1066
1677
1678
1071
1680
1679
1074
1676
33
86
135
184
233
310
383
456
245
247
322
324
395
397
468
470
537
538
1264
541
542
1409
614
615
1303
618
619
1448
687
688
1340
691
692
1485
760
761
1377
764
765
1522
823
910
993
1076
30
31
34
1159
1161
248
1160
40
41
48
49
83
84
87
1186
1188
325
1187
91
92
97
98
132
133
136
1211
1213
398
1212
140
141
146
147
181
182
185
1236
1238
471
1237
189
190
195
196
230
231
234
1261
1263
246
1262
256
257
264
265
307
308
311
1300
1302
323
1301
331
332
337
338
380
381
384
1337
1339
396
1338
404
405
410
411
453
454
457
1374
1376
469
1375
477
478
483
484
528
529
1411
605
606
1450
678
679
1487
751
752
1524
820
822
907
909
990
992
1073
1075
824
825
1562
911
912
1604
994
995
1644
1077
1078
1684
249
250
1269
1270
326
327
1308
1309
399
400
1345
1346
472
473
1382
1383
532
539
540
1417
543
544
1419
609
616
617
1456
620
621
1458
682
689
690
1493
693
694
1495
755
762
763
1530
766
767
1532
835
836
894
922
923
977
1005
1006
1060
1088
1089
1143
826
827
1560
1559
913
914
1601
1602
996
997
1641
1642
1079
1080
1681
1682
36
38
1158
42
50
1163
37
39
192
43
94
143
1164
46
47
51
100
149
198
1168
89
90
1185
99
93
1190
138
139
1210
148
142
1215
187
188
1235
197
191
1240
252
254
1260
258
266
1273
253
255
480
259
334
407
1274
262
263
267
340
413
486
1278
329
330
1299
339
333
1312
402
403
1336
412
406
1349
475
476
1373
485
479
1386
533
610
683
756
545
547
548
1271
622
624
625
1310
695
697
698
1347
768
770
771
1384
837
838
1416
841
842
1568
1561
924
925
1455
928
929
1603
1610
1007
1008
1492
1011
1012
1650
1643
1090
1091
1529
1094
1095
1690
1683
53
55
102
104
151
153
200
202
269
273
342
346
415
419
488
492
530
531
534
1413
1415
546
1414
556
557
564
565
607
608
611
1452
1454
623
1453
631
632
637
638
680
681
684
1489
1491
696
1490
704
705
710
711
753
754
757
1526
1528
769
1527
777
778
783
784
828
829
1563
915
916
1605
998
999
1645
1081
1082
1685
270
274
277
279
343
347
350
352
35
44
1166
1165
54
1162
278
1171
416
420
423
45
52
1169
1170
56
1167
280
1172
1266
425
489
493
88
95
1192
1191
103
1189
351
1196
496
498
96
101
1194
1195
105
1193
353
1197
1305
137
144
1217
1216
152
1214
424
1221
145
150
1219
1220
154
1218
426
1222
1342
549
550
1421
1422
626
627
1460
1461
699
700
1498
1497
772
773
1534
1535
832
839
840
1569
843
844
1571
919
926
927
1611
930
931
1613
1002
1009
1010
1651
1013
1014
1653
1085
1092
1093
1691
1096
1097
1693
186
193
1242
1241
201
1239
497
1246
194
199
1244
1245
203
1243
499
1247
1379
251
260
1275
1276
271
1272
272
1281
261
268
1280
1279
275
1277
276
1283
1268
328
335
1313
1314
344
1311
345
1318
336
341
1317
1316
348
1315
349
1320
1307
401
408
1350
1351
417
1348
418
1355
409
414
1353
1354
421
1352
422
1357
1344
474
481
1387
1388
490
1385
491
1392
482
487
1390
1391
494
1389
495
1394
1381
552
554
1412
566
558
1425
553
555
634
707
780
559
1426
562
563
640
713
786
567
1430
629
630
1451
633
639
1464
702
703
1488
712
706
1501
775
776
1525
785
779
1538
833
920
1003
1086
845
847
848
1423
932
934
935
1462
1015
1017
1018
1499
1098
1100
1101
1536
281
282
1282
1285
283
284
1284
1286
354
355
1322
1319
356
357
1321
1323
427
428
1356
1359
429
430
1360
1358
500
501
1393
1396
502
503
1395
1397
569
573
642
646
715
719
788
792
830
831
834
1565
1567
846
1566
856
857
864
865
917
918
921
1607
1609
933
1608
941
942
947
948
1000
1001
1004
1647
1649
1016
1648
1024
1025
1030
1031
1083
1084
1087
1687
1689
1099
1688
1107
1108
1113
1114
849
850
1574
1573
893
936
937
1616
1615
976
1019
1020
1656
1655
1059
1102
1103
1696
1695
1142
570
574
577
578
1287
579
580
1288
1418
643
647
650
651
1324
652
653
1325
1457
716
720
723
724
1361
725
726
1362
1494
789
793
796
797
1398
798
799
1399
1531
551
560
1428
1427
571
1424
572
1433
561
568
1432
1431
575
1429
576
1435
1420
628
635
1465
1466
644
1463
645
1470
636
641
1468
1469
648
1467
649
1472
1459
701
708
1502
1503
717
1500
718
1507
709
714
1506
1505
721
1504
722
1509
1496
774
781
1539
1540
790
1537
791
1544
782
787
1542
1543
794
1541
795
1546
1533
852
854
1564
858
866
1577
853
855
944
1027
859
1110
1578
862
863
1033
867
1116
950
1582
939
940
1606
949
943
1619
1022
1023
1646
1032
1026
1659
1105
1106
1686
1115
1109
1699
885
886
1575
968
969
1617
1051
1052
1657
1134
1135
1697
581
582
1434
1437
583
584
1436
1438
654
655
1474
1471
656
657
1473
1475
727
728
1508
1511
729
730
1512
1510
800
801
1545
1548
802
803
1547
1549
869
873
952
956
1035
1039
1118
1122
870
874
877
878
1439
879
880
1440
1570
953
957
960
961
1476
962
963
1477
1612
1036
1040
1043
1044
1513
1045
1046
1514
1652
1119
1123
1126
1127
1550
1128
1129
1551
1692
851
860
1579
1580
871
1576
872
1585
861
868
1584
1583
875
1581
876
1587
1572
938
945
1620
1621
954
1618
955
1625
946
951
1624
1623
958
1622
959
1627
1614
1021
1028
1661
1660
1037
1658
1038
1665
1029
1034
1664
1663
1041
1662
1042
1667
1654
1104
1111
1700
1701
1120
1698
1121
1705
1112
1117
1704
1703
1124
1702
1125
1707
1694
881
882
1586
1589
883
884
1588
1590
964
965
1626
1629
966
967
1628
1630
1047
1048
1666
1669
1049
1050
1668
1670
1130
1131
1706
1709
1132
1133
1708
1710
887
888
1591
891
1594
889
890
1592
1593
892
1595
970
971
1631
974
1634
972
973
1632
1633
975
1635
1053
1054
1671
1057
1674
1055
1056
1672
1673
1058
1675
1136
1137
1711
1140
1714
1138
1139
1712
1713
1141
1715
