68
64
66
70
72
80
94
69
62
75
82
84
96
98
102
65
67
71
81
95
73
63
78
87
91
100
105
108
118
83
97
99
76
85
103
74
79
90
93
111
120
122
126
101
119
88
106
109
77
86
104
92
115
124
129
132
142
121
123
112
127
89
110
107
4
114
117
135
144
146
150
125
143
130
133
113
128
2
6
8
18
116
139
148
153
156
473
5
145
147
136
151
134
131
0
11
20
22
26
138
141
159
166
475
477
489
3
7
19
149
474
9
154
157
137
152
1
15
24
29
32
42
140
168
170
174
466
479
481
492
495
521
21
23
167
476
478
12
27
160
490
10
158
155
14
17
35
44
46
50
163
172
177
180
190
465
468
483
485
498
501
523
529
553
25
43
169
171
480
482
522
30
33
175
493
496
13
28
161
491
16
39
48
53
56
162
165
183
192
194
198
467
470
487
504
507
514
525
531
537
556
565
45
47
173
191
484
486
524
530
36
51
178
181
499
502
554
34
176
497
31
494
38
41
59
164
187
196
201
204
214
469
472
510
516
527
533
539
545
559
568
577
49
193
195
488
526
532
538
54
57
184
199
505
508
557
566
182
503
37
179
500
52
555
40
186
189
207
216
218
222
471
518
535
541
547
562
571
580
589
609
197
215
528
534
540
546
60
202
205
511
560
569
578
58
509
567
185
506
200
55
558
188
211
220
225
228
238
513
520
543
549
574
583
592
611
617
641
217
219
536
542
548
610
208
223
563
572
581
590
206
579
61
512
570
203
561
210
213
231
240
242
246
515
551
586
595
602
613
619
625
644
653
221
239
544
550
612
618
226
229
575
584
593
642
591
582
209
573
224
564
212
235
244
249
252
262
517
598
604
615
621
627
633
647
656
665
241
243
552
614
620
626
232
247
587
596
645
654
230
594
585
576
227
643
234
237
255
264
266
270
519
606
623
629
635
650
659
668
677
697
245
263
616
622
628
634
250
253
599
648
657
666
655
233
597
588
248
646
236
259
268
273
276
329
601
608
631
637
662
671
680
699
705
729
265
267
624
630
636
698
256
271
651
660
669
678
254
667
658
600
251
649
258
261
279
331
333
345
603
639
674
683
690
701
707
713
732
741
269
330
632
638
700
706
274
277
663
672
681
730
679
257
670
661
272
652
260
322
335
337
348
351
605
686
692
703
709
715
721
735
744
753
893
332
334
640
702
708
714
280
346
675
684
733
742
278
682
673
664
275
731
321
324
339
341
354
357
607
694
711
717
723
738
747
756
765
778
802
826
850
895
901
925
336
338
704
710
716
722
894
349
352
687
736
745
754
743
281
685
676
347
734
323
326
343
360
363
689
696
719
725
750
759
768
780
784
804
808
828
832
852
856
886
897
903
909
928
937
340
342
712
718
724
779
803
827
851
896
902
355
358
739
748
757
766
926
353
755
746
688
350
737
325
328
366
691
727
762
771
777
786
790
801
810
814
825
834
838
849
858
862
888
899
905
911
917
931
940
949
344
720
726
785
809
833
857
898
904
910
361
364
751
760
769
781
805
829
853
929
938
359
767
927
356
758
749
740
327
693
774
783
792
796
807
816
820
831
840
844
855
864
868
873
874
890
907
913
919
934
943
952
961
981
728
791
815
839
863
900
906
912
918
367
763
772
787
811
835
859
932
941
950
365
939
362
770
930
761
752
806
782
854
830
377
695
789
798
813
822
837
846
861
870
876
877
885
892
915
921
946
955
964
983
989
1013
797
821
845
869
908
914
920
982
775
793
817
841
865
935
944
953
962
951
368
942
773
933
764
836
812
788
860
875
379
381
393
795
819
843
867
879
880
887
923
958
967
974
985
991
997
1016
1025
378
916
922
984
990
799
823
847
871
947
956
965
1014
963
954
945
776
866
842
818
794
878
936
370
383
385
396
399
882
883
889
970
976
987
993
999
1005
1019
1028
1037
380
382
924
986
992
998
394
959
968
1017
1026
966
957
800
872
848
824
881
948
1015
369
372
387
389
402
405
891
978
995
1001
1007
1022
1031
1040
1049
1062
1086
1110
1134
384
386
988
994
1000
1006
397
400
971
1020
1029
1038
395
1027
969
884
960
1018
371
374
391
408
411
973
980
1003
1009
1034
1043
1052
1064
1068
1088
1092
1112
1116
1136
1140
1177
388
390
996
1002
1008
1063
1087
1111
1135
403
406
1023
1032
1041
1050
401
1039
398
1030
972
1021
373
376
414
975
1011
1046
1055
1061
1070
1074
1085
1094
1098
1109
1118
1122
1133
1142
1146
1179
1181
1193
392
1004
1010
1069
1093
1117
1141
1178
409
412
1035
1044
1053
1065
1089
1113
1137
407
1051
404
1042
1033
1024
375
977
1058
1067
1076
1080
1091
1100
1104
1115
1124
1128
1139
1148
1152
1157
1158
1170
1183
1185
1196
1199
1225
1012
1075
1099
1123
1147
1180
1182
415
1047
1056
1071
1095
1119
1143
1194
413
410
1054
1045
1036
1090
1066
1138
1114
979
1073
1082
1097
1106
1121
1130
1145
1154
1160
1161
1169
1172
1187
1189
1202
1205
1227
1233
1257
1081
1105
1129
1153
1184
1186
1226
1059
1077
1101
1125
1149
1197
1200
1195
416
1057
1048
1120
1096
1072
1144
1159
1079
1103
1127
1151
1163
1164
1171
1174
1191
1208
1211
1218
1229
1235
1241
1260
1269
1188
1190
1228
1234
1083
1107
1131
1155
1203
1206
1258
1201
1060
1126
1102
1078
1150
1162
1198
1166
1167
1173
1176
1214
1220
1231
1237
1243
1249
1263
1272
1281
1192
1230
1236
1242
1209
1212
1261
1270
1207
1156
1132
1108
1084
1165
1204
1259
1175
1222
1239
1245
1251
1266
1275
1284
1293
1313
1232
1238
1244
1250
1215
1264
1273
1282
1213
1271
1168
1210
1262
425
1217
1224
1247
1253
1278
1287
1296
1315
1321
1345
1240
1246
1252
1314
1267
1276
1285
1294
1283
1274
1216
1265
427
429
441
1219
1255
1290
1299
1306
1317
1323
1329
1348
1357
426
1248
1254
1316
1322
1279
1288
1297
1346
1295
1286
1277
1268
418
431
433
444
447
1221
1302
1308
1319
1325
1331
1337
1351
1360
1369
428
430
1256
1318
1324
1330
442
1291
1300
1349
1358
1298
1289
1280
1347
417
420
435
437
450
453
1223
1310
1327
1333
1339
1354
1363
1372
1381
1401
432
434
1320
1326
1332
1338
445
448
1303
1352
1361
1370
443
1359
1301
1292
1350
419
422
439
456
459
1305
1312
1335
1341
1366
1375
1384
1403
1409
1433
436
438
1328
1334
1340
1402
451
454
1355
1364
1373
1382
449
1371
446
1362
1304
1353
421
424
462
1307
1343
1378
1387
1394
1405
1411
1417
1436
1445
440
1336
1342
1404
1410
457
460
1367
1376
1385
1434
455
1383
452
1374
1365
1356
423
1309
1390
1396
1407
1413
1419
1425
1439
1448
1457
1344
1406
1412
1418
463
1379
1388
1437
1446
461
458
1386
1377
1368
1435
1311
1398
1415
1421
1427
1442
1451
1460
1469
1489
1408
1414
1420
1426
1391
1440
1449
1458
1447
464
1389
1380
1438
1393
1400
1423
1429
1454
1463
1472
1491
1497
1521
1416
1422
1428
1490
1443
1452
1461
1470
1459
1450
1392
1441
1395
1431
1466
1475
1482
1493
1499
1505
1524
1533
1424
1430
1492
1498
1455
1464
1473
1522
1471
1462
1453
1444
1397
1478
1484
1495
1501
1507
1513
1527
1536
1545
1432
1494
1500
1506
1467
1476
1525
1534
1474
1465
1456
1523
1399
1486
1503
1509
1515
1530
1539
1548
1557
1577
1496
1502
1508
1514
1479
1528
1537
1546
1535
1477
1468
1526
1481
1488
1511
1517
1542
1551
1560
1579
1585
1609
1504
1510
1516
1578
1531
1540
1549
1558
1547
1538
1480
1529
1483
1519
1554
1563
1570
1581
1587
1593
1612
1621
1512
1518
1580
1586
1543
1552
1561
1610
1559
1550
1541
1532
1485
1566
1572
1583
1589
1595
1601
1615
1624
1633
1520
1582
1588
1594
1555
1564
1613
1622
1562
1553
1544
1611
1487
1574
1591
1597
1603
1618
1627
1636
1645
1665
1673
1681
1689
1584
1590
1596
1602
1567
1616
1625
1634
1623
1565
1556
1614
1569
1576
1599
1605
1630
1639
1648
1667
1675
1683
1691
1697
1709
1721
1733
1592
1598
1604
1666
1674
1682
1690
1619
1628
1637
1646
1635
1626
1568
1617
288
292
296
1571
1607
1642
1651
1658
1660
1662
1664
1669
1677
1685
1693
1700
1712
1724
1736
1600
1606
1668
1676
1684
1692
1631
1640
1649
1698
1710
1722
1734
1647
1638
1629
1620
290
294
298
300
306
312
1573
1654
1671
1679
1687
1695
1703
1715
1727
1739
289
293
297
1608
1670
1678
1686
1694
1643
1652
1701
1713
1725
1737
1650
1641
1632
1699
1735
1711
1723
283
285
287
303
309
315
1575
1706
1718
1730
1742
291
295
299
1672
1680
1688
1696
301
307
313
1655
1704
1716
1728
1740
1653
1644
1702
1738
1714
1726
282
284
286
1657
1659
1661
1663
304
310
316
1707
1719
1731
1743
302
308
314
1656
1705
1741
1717
1729
305
311
317
1708
1744
1720
1732
318
319
320
1745
1748
1746
1747
1784
1785
1790
1798
1786
1791
1799
1800
1787
1792
1802
1801
1810
1782
1793
1783
1804
1780
1795
1803
1788
1811
1812
1797
1805
1781
1789
1814
1813
1822
1816
1807
1815
1752
1823
1824
1817
1809
1826
1753
1760
1825
1988
1754
1828
1806
1794
1827
1819
1761
1762
1834
1989
1990
1751
1755
1764
1796
1829
1808
1821
1996
1763
1772
1835
1836
1991
1992
2012
1749
1766
1838
1998
1765
1757
1997
1981
1773
1774
1837
1846
1993
1994
2013
2016
1840
2000
1767
1750
1759
1831
1839
1999
1983
1776
2028
1775
1847
1848
1995
2014
2017
2020
1778
1756
2002
2032
1833
1841
1985
2001
1850
1769
1777
2029
1849
1858
2015
2018
2021
2024
1852
1830
2036
1771
1758
1779
1987
2003
2033
1768
1843
1851
2030
1859
1860
2019
2022
2025
2052
2040
1980
2037
1832
1770
1845
1853
2034
1862
2031
2005
1861
1870
2023
2026
2053
2056
1864
1842
2041
1982
2038
2035
2007
1863
1855
2068
1871
1872
2027
2054
2057
2060
2072
1857
1865
1844
2042
1984
2039
2009
1874
2069
1873
1882
2055
2058
2061
2064
1876
1854
2076
2073
1986
2043
2011
1867
1875
2070
1883
1884
2059
2062
2065
2092
2080
1856
1869
1877
2077
2074
1886
2071
2045
1885
1916
2063
2066
2093
2096
1888
1866
2081
2078
2075
2047
1879
1887
2108
1917
1918
2067
2094
2097
2100
2112
1889
1868
1881
2082
2049
2079
1924
2109
1919
1920
2095
2098
2101
2104
2188
1926
2116
2113
2051
2083
1909
1925
2110
1921
1922
2099
2102
2105
2125
2137
2149
2161
2189
2192
1928
2120
2044
2204
1927
1911
2117
2114
2085
1908
2111
1923
2103
2106
2128
2140
2152
2164
2190
2193
2196
1930
2208
1913
1929
2121
2046
2205
2118
2115
2087
1910
2138
2126
2162
2084
2150
2107
2131
2143
2155
2167
2191
2194
2197
2200
2212
1915
1931
2209
2048
2122
2206
2119
2089
1912
2153
2141
2129
2086
2165
2148
2124
2160
2136
2173
2134
2146
2158
2170
2195
2198
2201
2228
2216
2004
2213
2210
2050
2091
2123
1914
2168
2156
2144
2088
2132
2151
2127
2163
2139
2175
2181
2172
2207
1940
2199
2202
2229
2232
2217
2006
2214
2135
2171
2159
2090
2147
2177
2154
2130
2166
2142
2211
2174
2183
2244
1941
1942
2203
2230
2233
2236
1948
2248
2008
2218
2145
2179
2157
2133
2169
2176
2215
2185
2245
1943
1944
2231
2234
2237
2240
1950
2252
1933
1949
2249
2178
2187
2219
2010
2246
1945
1946
2235
2238
2241
2261
2273
2285
2297
1952
2256
2180
1951
1935
2253
2250
2247
1932
2221
1947
2239
2242
2264
2276
2288
2300
2324
1954
1937
1953
2257
2182
2254
2251
1934
2223
2274
2262
2298
2220
2286
2243
2267
2279
2291
2303
2325
2326
2332
1939
1955
2184
2258
2255
1936
2225
2289
2277
2265
2301
2222
2272
2309
2284
2260
2296
2270
2282
2294
2306
2327
2328
2348
2334
2186
1938
2227
2259
2292
2280
2268
2304
2224
2275
2311
2287
2263
2299
2308
2317
2333
2329
2330
2349
2352
2336
2307
2295
2283
2226
2271
2278
2313
2290
2266
2302
2310
2319
2335
2364
2331
2350
2353
2356
2338
1818
2368
2305
2281
2315
2293
2269
2337
2312
2321
2365
2351
2354
2357
2360
2372
2369
2339
2314
2323
1820
2366
2355
2358
2361
2388
2376
2316
2373
2370
2341
2367
1964
2359
2362
2389
2392
2377
2318
2374
2371
2343
2404
1965
1966
2363
2390
2393
2396
1972
2408
2320
2378
2375
2345
2405
1967
1968
2391
2394
2397
2400
1974
2412
1957
1973
2409
2347
2379
2322
2406
1969
1970
2395
2398
2401
2428
1976
2416
2340
1975
1959
2413
2410
1956
2407
2381
1971
2399
2402
2429
2432
1978
1961
1977
2417
2342
2414
1958
2411
2383
2444
2403
2430
2433
2436
2448
1963
1979
2418
2344
1960
2415
2385
2445
2431
2434
2437
2440
2452
2449
1962
2346
2387
2419
2446
2435
2438
2441
2468
2456
2380
2453
2450
2447
2421
2439
2442
2469
2472
2457
2382
2454
2451
2423
2484
2443
2470
2473
2476
2488
2458
2384
2455
2425
2485
2471
2474
2477
2480
2492
2489
2386
2459
2427
2486
2475
2478
2481
2508
2496
2420
2493
2490
2487
2461
2479
2482
2509
2512
2497
2422
2494
2491
2463
2524
2483
2510
2513
2516
2528
2498
2424
2465
2495
2525
2511
2514
2517
2520
2532
2529
2467
2499
2426
2526
2515
2518
2521
2548
2552
2556
2560
2536
2460
2533
2530
2501
2527
2519
2522
2549
2553
2557
2561
2537
2462
2534
2531
2503
2564
2576
2568
2500
2572
1896
1898
1900
2523
2550
2554
2558
2562
2538
2464
2535
2505
2565
2577
2569
2573
2502
1897
1899
1901
2551
2555
2559
2563
1902
1904
1906
1878
2466
2507
2539
2566
2578
2570
2504
2574
1891
1903
1905
1893
1880
1907
1895
2541
2567
2579
2547
2571
2543
2545
2506
2575
1890
1892
1894
2540
2546
2542
2544
