23
76
125
174
223
272
321
370
419
496
569
642
715
788
861
934
24
77
126
175
224
273
322
371
420
497
570
643
716
789
862
935
431
508
581
654
727
800
873
946
433
437
510
514
583
587
656
660
729
733
802
806
875
879
948
952
1011
1088
1161
1234
1307
1380
1453
1526
5
6
60
61
109
110
158
159
207
208
256
257
305
306
354
355
403
404
482
483
555
556
628
629
701
702
774
775
847
848
920
921
1012
1089
1162
1235
1308
1381
1454
1527
32
85
134
183
232
281
330
379
428
435
439
505
512
516
578
585
589
651
658
662
724
731
735
797
804
808
870
877
881
943
950
954
1023
1100
1173
1246
1319
1392
1465
1538
14
15
67
68
116
117
165
166
214
215
263
264
312
313
361
362
410
411
487
488
560
561
633
634
706
707
779
780
852
853
925
926
33
86
135
184
233
282
331
380
429
506
579
652
725
798
871
944
441
443
518
520
591
593
664
666
737
739
810
812
883
885
956
958
1025
1029
1102
1106
1175
1179
1248
1252
1321
1325
1394
1398
1467
1471
1540
1544
1603
1680
1753
1826
1899
1972
2045
2118
995
996
1074
1075
1147
1148
1220
1221
1293
1294
1366
1367
1439
1440
1512
1513
1604
1681
1754
1827
1900
1973
2046
2119
19
72
121
170
219
268
317
366
415
492
565
638
711
784
857
930
1002
1003
1079
1080
1152
1153
1225
1226
1298
1299
1371
1372
1444
1445
1517
1518
445
522
595
668
741
814
887
960
1020
1027
1031
1097
1104
1108
1170
1177
1181
1243
1250
1254
1316
1323
1327
1389
1396
1400
1462
1469
1473
1535
1542
1546
1615
1692
1765
1838
1911
1984
2057
2130
20
73
122
171
220
269
318
367
416
493
566
639
712
785
858
931
1587
1588
1666
1667
1739
1740
1812
1813
1885
1886
1958
1959
2031
2032
2104
2105
1021
1098
1171
1244
1317
1390
1463
1536
1033
1035
1110
1112
1183
1185
1256
1258
1329
1331
1402
1404
1475
1477
1548
1550
1617
1621
1694
1698
1767
1771
1840
1844
1913
1917
1986
1990
2059
2063
2132
2136
2195
2272
2345
2418
2491
2564
2637
2710
26
79
128
177
226
275
324
373
422
499
572
645
718
791
864
937
1007
1084
1157
1230
1303
1376
1449
1522
1594
1595
1671
1672
1744
1745
1817
1818
1890
1891
1963
1964
2036
2037
2109
2110
2196
2273
2346
2419
2492
2565
2638
2711
1037
1114
1187
1260
1333
1406
1479
1552
1612
1619
1623
1689
1696
1700
1762
1769
1773
1835
1842
1846
1908
1915
1919
1981
1988
1992
2054
2061
2065
2127
2134
2138
2207
2284
2357
2430
2503
2576
2649
2722
28
81
130
179
228
277
326
375
424
501
574
647
720
793
866
939
1008
1085
1158
1231
1304
1377
1450
1523
2179
2180
2258
2259
2331
2332
2404
2405
2477
2478
1
3
7
405
997
1589
2181
2
4
161
259
357
8
112
210
308
63
4626
58
59
484
62
1076
1668
2260
107
108
557
111
1149
1741
2333
156
157
160
630
1222
1814
2406
205
206
209
703
1295
1887
2479
254
255
258
776
1368
1960
303
304
849
307
1441
2033
352
353
356
922
1514
2106
401
402
704
485
777
558
850
406
631
923
4829
2550
2552
2551
2623
2625
2624
2696
2698
2697
10
12
16
412
1004
1596
11
13
70
168
266
364
17
119
217
315
4630
65
66
69
489
1081
1673
114
115
562
118
1154
1746
163
164
167
635
1227
1819
212
213
708
216
1300
1892
261
262
265
781
1373
1965
310
311
854
314
1446
2038
359
360
363
927
1519
2111
408
409
928
709
490
782
563
855
636
413
4832
1014
1091
1164
1237
1310
1383
1456
1529
1599
1676
1749
1822
1895
1968
2041
2114
2186
2188
2187
2263
2265
2264
2336
2338
2337
2409
2411
2410
2482
2484
2483
2555
2557
2556
2628
2630
2629
2701
2703
2702
1613
1690
1763
1836
1909
1982
2055
2128
0
9
4627
4628
18
4632
4631
21
4624
22
27
4633
25
4634
4636
29
4637
57
64
4656
4655
71
4659
4658
74
4653
75
80
4660
78
4661
4663
82
4664
1625
1627
1702
1704
1775
1777
1848
1850
1921
1923
1994
1996
2067
2069
2140
2142
2209
2213
2286
2290
2359
2363
2432
2436
2505
2509
2578
2582
2651
2655
2724
2728
2787
2864
2937
3010
3083
3156
3229
3302
106
113
4681
4680
120
4683
4684
123
4678
124
129
4685
127
4686
4688
131
4689
155
162
4706
4705
169
4708
4709
172
4703
173
178
4710
176
4711
4713
180
4714
204
211
4731
4730
218
4734
4733
221
4728
222
227
4735
225
4736
4738
229
4739
253
260
4755
4756
267
4758
4759
270
4753
271
276
4760
274
4761
4763
278
4764
302
309
4780
4781
316
4784
4783
319
4778
320
325
4785
323
4786
4788
327
4789
351
358
4805
4806
365
4809
4808
368
4803
369
374
4810
372
4811
4813
376
4814
400
407
4830
4831
414
4834
4833
417
4828
418
423
4835
421
4836
4838
425
4839
432
434
4635
438
4837
436
4845
440
4847
2788
2865
2938
3011
3084
3157
3230
481
486
4870
4871
491
4872
4873
494
4869
495
500
4874
498
4875
4877
502
4878
509
515
4876
511
4662
517
4886
513
4884
3303
554
559
4907
4908
564
4909
4910
567
4906
568
573
4911
571
4912
4914
575
4915
582
584
4687
588
4913
586
4921
590
4923
30
31
34
4639
4641
444
4640
40
41
48
49
83
84
87
4666
4668
521
4667
91
92
627
632
4944
4945
637
4946
4947
640
4943
641
646
4948
644
4949
4951
648
4952
655
657
4712
661
4950
659
4958
663
4960
97
98
132
133
136
4691
4693
594
4692
140
141
146
147
181
182
185
4716
4718
667
4717
189
700
705
4982
4981
710
4984
4983
713
4980
714
719
4985
717
4986
4988
721
4989
728
730
4737
734
4987
732
4995
736
4997
190
195
196
230
231
234
4741
4743
740
4742
238
239
244
245
279
280
283
4766
4768
287
773
778
5018
5019
783
5020
5021
786
5017
787
792
5022
790
5023
5025
794
5026
801
803
4762
807
5024
805
5032
809
5034
813
4767
288
293
294
328
329
332
4791
4793
336
337
342
343
846
851
5055
5056
856
5057
5058
859
5054
860
865
5059
863
5060
5062
867
5063
874
880
5061
876
4787
882
5071
878
5069
886
4792
377
378
381
4816
4818
385
386
391
392
426
427
430
4841
4843
442
4842
446
4849
4850
452
453
460
461
919
924
5092
5093
929
5094
5095
932
5091
933
938
5096
936
5097
5099
940
5100
947
953
5098
949
4812
955
5108
951
5106
959
4817
503
504
507
4880
4882
519
4881
523
4888
4889
527
528
533
534
576
577
580
4917
4919
592
4918
596
4925
4926
600
601
606
993
994
1442
998
1223
1515
1296
1077
1369
1150
5129
607
649
650
653
4954
4956
665
4955
669
4962
4963
673
674
679
680
722
723
726
4991
4993
738
4992
742
5000
4999
746
747
752
753
795
796
799
5028
5030
811
5029
815
5036
5037
819
820
825
826
868
869
872
5065
5067
884
5066
888
5073
5074
892
893
898
899
941
942
945
5102
5104
957
5103
961
5111
5110
965
966
971
972
1016
1093
1166
1239
1312
1385
1458
1531
1600
1677
1750
1823
1896
1969
2042
2115
2771
2773
2772
2850
2852
2851
2923
2925
2924
2996
2998
2997
3069
3071
3070
3142
3144
3143
3215
3217
3216
3288
3290
3289
1629
1706
1779
1852
1925
1998
2071
2144
2204
2211
2215
2281
2288
2292
2354
2361
2365
2427
2434
2438
2500
2507
2511
2573
2580
2584
2646
2653
2657
2719
2726
2730
2799
2876
2949
3022
3095
3168
3241
3314
1000
1001
1155
1447
1228
1005
1520
1301
1082
1374
5132
1606
1683
1756
1829
1902
1975
2048
2121
2191
2268
2341
2414
2487
2560
2633
2706
2778
2780
2779
2855
2857
2856
2928
2930
2929
3001
3003
3002
3074
3076
3075
3147
3149
3148
3220
3222
3221
3293
3295
3294
992
999
5130
5131
1006
5133
5134
1009
5128
1010
1015
5135
1013
5136
5138
1017
5139
1024
1026
4844
1030
5137
1028
5145
1032
5147
1036
4851
2205
2282
2355
2428
2501
2574
2647
2720
1073
1078
5171
5170
1083
5172
5173
1086
5169
1087
1092
5174
1090
5175
5177
1094
5178
1101
1107
5176
1103
4883
1109
5186
1105
5184
1113
4890
1146
1151
5208
5207
1156
5209
5210
1159
5206
1160
1165
5211
1163
5212
5214
1167
5215
1174
1176
4920
1180
5213
1178
5221
1182
5223
1186
4927
1219
1224
5244
5245
1229
5246
5247
1232
5243
1233
1238
5248
1236
5249
5251
1240
5252
1247
1249
4957
1253
5250
1251
5258
1255
5260
1259
4964
2217
2219
2294
2296
2367
2369
2440
2442
2513
2515
2586
2588
2659
2661
2732
2734
2801
2805
2878
2882
2951
2955
3024
3028
3097
3101
3170
3174
3243
3247
3316
3320
3379
3456
3529
3602
3675
3748
3821
3894
1292
1297
5281
5282
1302
5283
5284
1305
5280
1306
1311
5285
1309
5286
5288
1313
5289
1320
1322
4994
1326
5287
1324
5295
1328
5297
1332
5001
1365
1370
5319
5318
1375
5320
5321
1378
5317
1379
1384
5322
1382
5323
5325
1386
5326
1393
1395
5031
1399
5324
1397
5332
1401
5334
1405
5038
1438
1443
5355
5356
1448
5357
5358
1451
5354
1452
1457
5359
1455
5360
5362
1459
5363
1466
1472
5361
1468
5068
1474
5371
1470
5369
1478
5075
1511
1516
5392
5393
1521
5394
5395
1524
5391
1525
1530
5396
1528
5397
5399
1532
5400
1539
1545
5398
1541
5105
1547
5408
1543
5406
1551
5112
1585
1586
1888
1669
1961
1742
2034
1590
1815
2107
5429
53
55
102
104
151
153
200
202
249
251
298
300
347
349
396
398
465
469
538
542
611
615
684
688
757
761
830
834
903
907
976
980
1018
1019
1022
5141
5143
1034
5142
1038
5149
5150
1044
1045
1052
1053
1095
1096
1099
5180
5182
1111
5181
1115
5188
5189
1119
1120
1125
1126
1168
1169
1172
5217
5219
1184
5218
1188
5225
5226
1192
1193
1198
1199
1241
1242
1245
5254
5256
1257
5255
1261
5262
5263
1265
1266
1271
1272
1314
1315
1318
5291
5293
1330
5292
1334
5300
5299
1338
1339
1344
1345
1387
1388
1391
5328
5330
1403
5329
1407
5336
5337
1411
1412
1417
1418
1460
1461
1464
5365
5367
1476
5366
1480
5374
5373
1484
1485
1490
1491
1533
1534
1537
5402
5404
1549
5403
1553
5410
5411
1557
1558
1563
1564
1608
1685
1758
1831
1904
1977
2050
2123
2192
2269
2342
2415
2488
2561
2634
2707
3363
3365
3364
3442
3444
3443
3515
3517
3516
3588
3590
3589
3661
3663
3662
3734
3736
3735
3807
3809
3808
3880
3882
3881
1592
1593
2112
1893
1674
1966
1747
2039
1820
1597
5432
3380
3457
3530
3603
3676
3749
3822
3895
466
470
473
475
539
543
546
548
612
616
619
1584
1591
5430
5431
1598
5434
5433
1601
5428
1602
1607
5435
1605
5436
5438
1609
5439
1616
1618
5144
1622
5437
1620
5445
1624
5447
1628
5151
621
685
689
692
694
758
762
765
1665
1670
5470
5471
1675
5472
5473
1678
5469
1679
1684
5474
1682
5475
5477
1686
5478
1693
1699
5476
1695
5183
1701
5486
1697
5484
1705
5190
767
831
835
838
840
904
908
1738
1743
5508
5507
1748
5509
5510
1751
5506
1752
1757
5511
1755
5512
5514
1759
5515
1766
1768
5220
1772
5513
1770
5521
1774
5523
1778
5227
911
913
977
981
984
986
2198
1811
1816
5544
5545
1821
5546
5547
1824
5543
1825
1830
5548
1828
5549
5551
1832
5552
1839
1841
5257
1845
5550
1843
5558
1847
5560
1851
5264
2275
2348
2421
2494
2567
2640
2713
1884
1889
5581
5582
1894
5584
5583
1897
5580
1898
1903
5585
1901
5586
5588
1905
5589
1912
1914
5294
1918
5587
1916
5595
1920
5597
1924
5301
2783
2860
2933
3006
3079
3152
3225
1957
1962
5618
5619
1967
5620
5621
1970
5617
1971
1976
5622
1974
5623
5625
1978
5626
1985
1987
5331
1991
5624
1989
5632
1993
5634
1997
5338
3298
3370
3372
3371
3447
3449
3448
3520
3522
3521
3593
3595
2030
2035
5656
5655
2040
5657
5658
2043
5654
2044
2049
5659
2047
5660
5662
2051
5663
2058
2064
5661
2060
5368
2066
5671
2062
5669
2070
5375
3594
3666
3668
3667
3739
3741
3740
3812
3814
3813
2103
2108
5692
5693
2113
5694
5695
2116
5691
2117
2122
5696
2120
5697
5699
2124
5700
2131
2137
5698
2133
5405
2139
5708
2135
5706
2143
5412
3885
3887
3886
2177
2178
2626
2182
2407
2699
2480
2261
2553
2334
5729
2221
2298
2371
2444
2517
2590
2663
2736
2796
2803
2807
2873
2880
2884
2946
2953
2957
3019
3026
3030
3092
3099
3103
3165
3172
3176
3238
3245
3249
3311
3318
3322
3391
3468
3541
3614
3687
3760
3833
3906
2797
2874
2947
3020
3093
3166
3239
3312
477
479
550
2184
2185
2339
2631
2412
2189
2704
2485
2266
2558
5732
552
623
625
696
698
769
771
842
844
915
917
988
990
1057
1061
1130
1134
1203
1207
1276
1280
1349
1353
1422
1426
1495
1499
1568
1572
1610
1611
1614
5441
5443
1626
5442
1630
5449
5450
1636
1637
1644
1645
1687
1688
1691
5480
5482
1703
5481
1707
5488
5489
1711
1712
1717
1718
1760
1761
1764
5517
5519
1776
5518
1780
5525
5526
1784
1785
1790
1791
1833
1834
1837
5554
5556
1849
5555
1853
5562
5563
1857
1858
1863
1864
1906
1907
1910
5591
5593
1922
5592
1926
5600
5599
1930
1931
1936
1937
1979
1980
1983
5628
5630
1995
5629
1999
5637
5636
2003
2004
2009
2010
2052
2053
2056
5665
5667
2068
5666
2072
5673
5674
2076
2077
2082
2083
2125
2126
2129
5702
5704
2141
5703
2145
5710
5711
2149
2150
2155
2156
2200
2277
2350
2423
2496
2569
2642
2715
2784
2861
2934
3007
3080
3153
3226
3299
3955
3957
4625
3956
4044
4046
4654
4045
4127
4129
4679
4128
4210
4212
4704
4211
4293
4295
4729
4294
4376
4378
4754
4377
4459
4461
4779
4460
4542
4544
4804
4543
36
38
4638
42
50
4643
37
39
192
290
388
43
143
241
339
94
4644
46
47
100
198
296
394
51
149
247
345
4648
89
90
4665
99
93
4670
138
139
4690
148
142
4695
187
188
4715
197
191
4720
236
237
4740
240
246
4745
285
286
4765
289
295
4770
334
335
4790
344
338
4795
383
384
4815
393
387
4820
448
450
4840
462
454
4853
449
451
676
455
968
749
530
822
603
895
4854
458
459
609
901
682
974
463
755
536
828
4858
525
526
4879
529
535
4892
598
599
4916
608
602
4929
671
672
4953
681
675
4966
744
745
4990
754
748
5003
817
818
5027
827
821
5040
2809
2811
2886
2888
2959
2961
3032
3034
3105
3107
3178
3180
3251
3253
3324
3326
3393
890
891
5064
900
894
5077
3397
3470
3474
3543
3547
3616
3620
3689
3693
3762
3766
3835
3839
3908
3912
3971
4058
4141
4224
4307
4390
4473
4556
963
964
5101
973
967
5114
2176
2183
5730
5731
2190
5733
5734
2193
5728
2194
2199
5735
2197
5736
5738
2201
5739
2208
2210
5444
2214
5737
2212
5745
2216
5747
2220
5451
2257
2262
5770
5771
2267
5772
5773
2270
5769
2271
2276
5774
2274
5775
5777
2278
5778
2285
2291
5776
2287
5483
2293
5786
2289
5784
2297
5490
2330
2335
5808
5807
2340
5809
5810
2343
5806
2344
2349
5811
2347
5812
5814
2351
5815
2358
2360
5520
2364
5813
2362
5821
2366
5823
2370
5527
2403
2408
5845
5844
2413
5846
5847
2416
5843
2417
2422
5848
2420
5849
5851
2424
5852
2431
2433
5557
2437
5850
2435
5858
2439
5860
2443
5564
2476
2481
5881
5882
2486
5883
5884
2489
5880
2490
2495
5885
2493
5886
5888
2497
5889
2504
2506
5594
2510
5887
2508
5895
2512
5897
2516
5601
2549
2554
5919
5918
2559
5920
5921
2562
5917
2563
2568
5922
2566
5923
5925
2570
5926
2577
2579
5631
2583
5924
2581
5932
2585
5934
2589
5638
3972
4059
4142
4225
4308
4391
4474
4557
2622
2627
5955
5956
2632
5957
5958
2635
5954
2636
2641
5959
2639
5960
5962
2643
5963
2650
2656
5961
2652
5668
2658
5971
2654
5969
2662
5675
2695
2700
5992
5993
2705
5994
5995
2708
5991
2709
2714
5996
2712
5997
5999
2716
6000
2723
2729
5998
2725
5705
2731
6008
2727
6006
2735
5712
2769
2770
3072
2853
3145
2926
3218
2774
2999
3291
6029
1058
1062
1065
1067
1131
1135
1138
1140
1204
1208
1211
1213
1277
1281
1284
1286
1350
1354
1357
1359
1423
1427
1430
1432
1496
1500
1503
1505
1569
1573
1576
1578
2790
2867
2940
3013
3086
3159
3232
3305
3375
3452
3525
3598
3671
3744
3817
3890
3962
3964
4629
3963
4049
4051
4657
4050
4132
4134
4682
4133
4215
4217
4707
4216
4298
4300
4732
4299
4381
4383
4757
4382
4464
4466
4782
4465
4547
4549
4807
4548
2813
2890
2963
3036
3109
3182
3255
3328
3388
3395
3399
3465
3472
3476
3538
3545
3549
3611
3618
3622
3684
3691
3695
3757
3764
3768
3830
3837
3841
3903
3910
3914
3983
4070
4153
4236
4319
4402
4485
4568
2776
2777
3296
3077
2858
3150
2931
3223
3004
2781
6032
1069
1071
1142
1144
1215
1217
1288
1290
1361
1363
1434
1436
1507
1509
1580
1582
1649
1653
1722
1726
1795
1799
1868
1872
1941
1945
2014
2018
2087
2091
2160
2164
2202
2203
2206
5741
5743
2218
5742
2222
5749
5750
2228
2229
2236
2237
2279
2280
2283
5780
5782
2295
5781
2299
5788
5789
2303
2304
2309
2310
2352
2353
2356
5817
5819
2368
5818
2372
5826
5825
2376
2377
2382
2383
2425
2426
2429
5854
5856
2441
5855
2445
5862
5863
2449
2450
2455
2456
2498
2499
2502
5891
5893
2514
5892
2518
5899
5900
2522
2523
2528
2529
2571
2572
2575
5928
5930
2587
5929
2591
5936
5937
2595
2596
2601
2602
2644
2645
2648
5965
5967
2660
5966
2664
5974
5973
2668
2669
2674
2675
2717
2718
2721
6002
6004
2733
6003
2737
6010
6011
2741
2742
2747
2748
2792
2869
2942
3015
3088
3161
3234
3307
3376
3453
3526
3599
3672
3745
3818
3891
35
44
4646
4645
54
4642
474
4651
45
52
4649
4650
56
4647
476
4652
4846
88
95
4672
4671
103
4669
547
4676
96
101
4674
4675
105
4673
549
4677
4885
137
144
4697
4696
152
4694
620
4701
145
150
4699
4700
154
4698
622
4702
4922
186
193
4722
4721
201
4719
693
4726
194
199
4724
4725
203
4723
695
4727
4959
235
242
4747
4746
250
4744
766
4751
243
248
4749
4750
252
4748
768
4752
4996
284
291
4772
4771
299
4769
839
4776
292
297
4774
4775
301
4773
841
4777
5033
333
340
4796
4797
348
4794
912
4801
341
346
4800
4799
350
4798
914
4802
5070
3389
3466
3539
3612
3685
3758
3831
3904
382
389
4821
4822
397
4819
985
4826
390
395
4824
4825
399
4823
987
4827
5107
447
456
4856
4855
467
4852
468
4861
478
4865
4862
1066
4867
457
464
4859
4860
471
4857
472
4863
4848
480
4864
4866
1068
4868
5146
524
531
4893
4894
540
4891
541
4898
551
4899
4902
1139
4904
532
537
4897
4896
544
4895
545
4900
4887
553
4901
4903
1141
4905
5185
3401
3403
3478
3480
3551
3553
3624
3626
3697
3699
3770
3772
3843
3845
3916
3918
3985
3989
4072
4076
4155
4159
4238
4242
4321
4325
4404
4408
4487
4491
4570
4574
597
604
4930
4931
613
4928
614
4935
624
4936
4939
1212
4941
605
610
4933
4934
617
4932
618
4937
4924
626
4938
4940
1214
4942
5222
670
677
4968
4967
686
4965
687
4972
697
4976
4973
1285
4978
678
683
4971
4970
690
4969
691
4974
4961
699
4975
4977
1287
4979
5259
743
750
5004
5005
759
5002
760
5009
770
5010
5013
1358
5015
751
756
5008
5007
763
5006
764
5011
4998
772
5012
5014
1360
5016
5296
816
823
5041
5042
832
5039
833
5046
843
5047
5050
1431
5052
824
829
5044
5045
836
5043
837
5048
5035
845
5051
5049
1433
5053
5333
889
896
5078
5079
905
5076
906
5083
916
5084
5087
1504
5089
897
902
5081
5082
909
5080
910
5085
5072
918
5088
5086
1506
5090
5370
962
969
5115
5116
978
5113
979
5120
989
5124
5121
1577
5126
1650
1654
1657
1659
1723
1727
970
975
5118
5119
982
5117
983
5122
5109
991
5123
5125
1579
5127
5407
1730
1732
1796
1800
1803
1805
1040
1042
5140
1046
1054
5153
1869
1041
1043
1122
1414
1195
1487
1268
1047
1560
1341
5154
1050
1051
1347
1128
1420
1201
1493
1274
1566
1055
5158
1117
1118
5179
1121
1127
5192
1873
1190
1191
5216
1200
1194
5229
1876
1263
1264
5253
1273
1267
5266
1878
1336
1337
5290
1346
1340
5303
1942
1409
1410
5327
1419
1413
5340
1946
1482
1483
5364
1492
1486
5377
1949
1555
1556
5401
1565
1559
5414
1951
2768
2775
6030
6031
2782
6033
6034
2785
6028
2786
2791
6035
2789
6036
6038
2793
6039
2800
2802
5744
2806
6037
2804
6045
2808
6047
2812
5751
2015
2019
2022
2024
2088
2092
2095
2097
2849
2854
6070
6071
2859
6072
6073
2862
6069
2863
2868
6074
2866
6075
6077
2870
6078
2877
2883
6076
2879
5783
2885
6086
2881
6084
2889
5790
2161
2165
2168
2170
3382
3459
3532
2922
2927
6108
6107
2932
6109
6110
2935
6106
2936
2941
6111
2939
6112
6114
2943
6115
2950
2952
5820
2956
6113
2954
6121
2958
6123
2962
5827
3605
3678
3751
3824
3897
3967
4054
2995
3000
6144
6145
3005
6146
6147
3008
6143
3009
3014
6148
3012
6149
6151
3016
6152
3023
3025
5857
3029
6150
3027
6158
3031
6160
3035
5864
4137
4220
4303
4386
4469
4552
3068
3073
6182
6181
3078
6184
6183
3081
6180
3082
3087
6185
3085
6186
6188
3089
6189
3096
3098
5894
3102
6187
3100
6195
3104
6197
3108
5901
3405
3482
3555
3628
3701
3774
3847
3920
3980
3987
3991
4067
4074
4078
4150
4157
4161
4233
4240
4244
4316
4323
4327
4399
4406
4410
4482
4489
4493
4565
4572
4576
3141
3146
6218
6219
3151
6220
6221
3154
6217
3155
3160
6222
3158
6223
6225
3162
6226
3169
3171
5931
3175
6224
3173
6232
3177
6234
3181
5938
3214
3219
6256
6255
3224
6257
6258
3227
6254
3228
3233
6259
3231
6260
6262
3235
6263
3242
3248
6261
3244
5968
3250
6271
3246
6269
3254
5975
3287
3292
6292
6293
3297
6294
6295
3300
6291
3301
3306
6296
3304
6297
6299
3308
6300
3315
3321
6298
3317
6005
3323
6308
3319
6306
3327
6012
3361
3362
3810
3366
3591
3883
3664
3445
3737
3518
6329
3981
4068
4151
4234
4317
4400
4483
4566
3993
3995
4080
4082
4163
4165
4246
4248
4329
4331
4412
4414
4495
4497
4578
4580
1661
1663
1734
1736
1807
1809
1880
1882
1953
1955
2026
2028
2099
2101
2172
2174
2241
2245
2314
2318
2387
2391
2460
2464
2533
2537
2606
2610
3368
3369
3523
3815
3596
3373
3888
3669
3450
3742
6332
2679
2683
2752
2756
2794
2795
2798
6041
6043
2810
6042
2814
6049
6050
2820
2821
2828
2829
2871
2872
2875
6080
6082
2887
6081
2891
6088
6089
2895
2896
2901
2902
2944
2945
2948
6117
6119
2960
6118
2964
6125
6126
2968
2969
2974
2975
3017
3018
3021
6154
6156
3033
6155
3037
6163
6162
3041
3042
3047
3048
3090
3091
3094
6191
6193
3106
6192
3110
6200
6199
3114
3115
3120
3121
3163
3164
3167
6228
6230
3179
6229
3183
6237
6236
3187
3188
3193
3194
3236
3237
3240
6265
6267
3252
6266
3256
6273
6274
3260
3261
3266
3267
3309
3310
3313
6302
6304
3325
6303
3329
6311
6310
3333
3334
3339
3340
3384
3461
3534
3607
3680
3753
3826
3899
3968
4055
4138
4221
4304
4387
4470
4553
1039
1048
5155
5156
1059
5152
1060
5161
1070
5162
5165
1658
5167
1049
1056
5160
5159
1063
5157
1064
5163
5148
1072
5164
5166
1660
5168
5446
1116
1123
5193
5194
1132
5191
1133
5198
1143
5202
5199
1731
5204
1124
1129
5196
5197
1136
5195
1137
5200
5187
1145
5201
5203
1733
5205
5485
1189
1196
5230
5231
1205
5228
1206
5235
1216
5236
5239
1804
5241
1197
1202
5234
5233
1209
5232
1210
5237
5224
1218
5240
5238
1806
5242
5522
1262
1269
5267
5268
1278
5265
1279
5272
1289
5273
5276
1877
5278
1270
1275
5270
5271
1282
5269
1283
5274
5261
1291
5275
5277
1879
5279
5559
1335
1342
5304
5305
1351
5302
1352
5309
1362
5313
5310
1950
5315
2242
2246
2249
2251
1343
1348
5308
5307
1355
5306
1356
5311
5298
1364
5314
5312
1952
5316
5596
2315
2319
2322
2324
2388
2392
1408
1415
5341
5342
1424
5339
1425
5346
1435
5347
5350
2023
5352
2395
2397
2461
2465
2468
2470
1416
1421
5344
5345
1428
5343
1429
5348
5335
1437
5349
5351
2025
5353
5633
2534
2538
2541
2543
2607
2611
1481
1488
5378
5379
1497
5376
1498
5383
1508
5384
5387
2096
5389
2614
2616
2680
2684
2687
2689
1489
1494
5381
5382
1501
5380
1502
5385
5372
1510
5386
5388
2098
5390
5670
2753
2757
2760
2762
3974
4061
1554
1561
5416
5415
1570
5413
1571
5420
1581
5424
5421
2169
5426
4144
4227
4310
4393
4476
4559
1562
1567
5418
5419
1574
5417
1575
5422
5409
1583
5425
5423
2171
5427
5707
1632
1634
5440
1646
1638
5453
3997
4084
4167
4250
1633
1635
1860
1639
2152
1933
1714
2006
1787
2079
5454
1642
1643
1793
2085
1866
2158
1647
1939
1720
2012
5458
1709
1710
5479
1713
1719
5492
4333
4416
4499
4582
1782
1783
5516
1792
1786
5529
1855
1856
5553
1865
1859
5566
1928
1929
5590
1938
1932
5603
2001
2002
5627
2011
2005
5640
2074
2075
5664
2084
2078
5677
2147
2148
5701
2157
2151
5714
3360
3367
6330
6331
3374
6333
6334
3377
6328
3378
3383
6335
3381
6336
6338
3385
6339
3392
3394
6044
3398
6337
3396
6345
3400
6347
3404
6051
3441
3446
6370
6371
3451
6372
6373
3454
6369
3455
3460
6374
3458
6375
6377
3462
6378
3469
3475
6376
3471
6083
3477
6386
3473
6384
3481
6090
3514
3519
6408
6407
3524
6409
6410
3527
6406
3528
3533
6411
3531
6412
6414
3535
6415
3542
3544
6120
3548
6413
3546
6421
3550
6423
3554
6127
3587
3592
6445
6444
3597
6446
6447
3600
6443
3601
3606
6448
3604
6449
6451
3608
6452
3615
3617
6157
3621
6450
3619
6458
3623
6460
3627
6164
3660
3665
6481
6482
3670
6483
6484
3673
6480
3674
3679
6485
3677
6486
6488
3681
6489
3688
3690
6194
3694
6487
3692
6495
3696
6497
3700
6201
3733
3738
6519
6518
3743
6520
6521
3746
6517
3747
3752
6522
3750
6523
6525
3754
6526
3761
3763
6231
3767
6524
3765
6532
3769
6534
3773
6238
3806
3811
6555
6556
3816
6557
6558
3819
6554
3820
3825
6559
3823
6560
6562
3827
6563
3834
3840
6561
3836
6268
3842
6571
3838
6569
3846
6275
3879
3884
6592
6593
3889
6594
6595
3892
6591
3893
3898
6596
3896
6597
6599
3900
6600
3907
3913
6598
3909
6305
3915
6608
3911
6606
3919
6312
3953
3954
4545
4130
4296
4462
4047
4213
3958
4379
6629
4033
4116
4199
4282
4365
4448
4531
4614
2253
2255
2326
2328
2399
2401
2472
2474
2545
2547
2618
2620
2691
2693
2764
2766
2833
2837
2906
2910
2979
2983
3052
3056
3125
3129
3198
3202
3271
3275
3344
3348
3386
3387
3390
6341
6343
3402
6342
3406
6349
6350
3412
3413
3420
3421
3463
3464
3467
6380
6382
3479
6381
3483
6388
6389
3487
3488
3493
3494
3536
3537
3540
6417
6419
3552
6418
3556
6425
6426
3560
3561
3566
3567
3609
3610
3613
6454
6456
3625
6455
3629
6462
6463
3633
3634
3639
3640
3682
3683
3686
6491
6493
3698
6492
3702
6500
6499
3706
3707
3712
3713
3755
3756
3759
6528
6530
3771
6529
3775
6536
6537
3779
3780
3785
3786
3828
3829
3832
6565
6567
3844
6566
3848
6573
6574
3852
3853
3858
3859
3901
3902
3905
6602
6604
3917
6603
3921
6610
6611
3925
3926
3931
3932
3976
4063
4146
4229
4312
4395
4478
4561
3960
3961
4384
4550
4135
4301
4467
4052
4218
3965
6632
2834
1631
1640
5456
5455
1651
5452
1652
5461
1662
5465
5462
2250
5467
2838
2841
2843
2907
2911
2914
1641
1648
5459
5460
1655
5457
1656
5463
5448
1664
5464
5466
2252
5468
5746
2916
2980
2984
2987
2989
3053
1708
1715
5493
5494
1724
5491
1725
5498
1735
5499
5502
2323
5504
3057
3060
3062
3126
3130
3133
1716
1721
5497
5496
1728
5495
1729
5500
5487
1737
5501
5503
2325
5505
5785
3135
3199
3203
3206
3208
3272
1781
1788
5530
5531
1797
5528
1798
5535
1808
5536
5539
2396
5541
3276
3279
3281
3345
3349
3352
1789
1794
5533
5534
1801
5532
1802
5537
5524
1810
5538
5540
2398
5542
5822
3354
1854
1861
5568
5567
1870
5565
1871
5572
1881
5576
5573
2469
5578
1862
1867
5570
5571
1874
5569
1875
5574
5561
1883
5577
5575
2471
5579
5859
1927
1934
5604
5605
1943
5602
1944
5609
1954
5610
5613
2542
5615
1935
1940
5608
5607
1947
5606
1948
5611
5598
1956
5612
5614
2544
5616
5896
2000
2007
5641
5642
2016
5639
2017
5646
2027
5650
5647
2615
5652
2008
2013
5645
5644
2020
5643
2021
5648
5635
2029
5651
5649
2617
5653
5933
2073
2080
5678
5679
2089
5676
2090
5683
2100
5684
5687
2688
5689
2081
2086
5681
5682
2093
5680
2094
5685
5672
2102
5688
5686
2690
5690
5970
2146
2153
5715
5716
2162
5713
2163
5720
2173
5721
5724
2761
5726
2154
2159
5718
5719
2166
5717
2167
5722
5709
2175
5723
5725
2763
5727
6007
2224
2226
5740
2238
2230
5753
2225
2227
2306
2598
2379
2671
2452
2231
2744
2525
5754
2234
2235
2531
2312
2604
2385
2677
2458
2750
2239
5758
2301
2302
5779
2305
2311
5792
2374
2375
5816
2384
2378
5829
2447
2448
5853
2457
2451
5866
2520
2521
5890
2530
2524
5903
2593
2594
5927
2603
2597
5940
2666
2667
5964
2676
2670
5977
2739
2740
6001
2749
2743
6014
3952
3959
6630
6631
3966
6634
6633
3969
6628
3970
3975
6635
3973
6636
6638
3977
6639
3984
3986
6344
3990
6637
3988
6645
3992
6647
3996
6351
4042
6644
4043
4048
6673
6674
4053
6675
6676
4056
6672
4057
4062
6677
4060
6678
6680
4064
6681
4071
4073
6383
4077
6679
4075
6687
4079
6689
4083
6390
4125
6686
4126
4131
6713
6714
4136
6715
6716
4139
6712
4140
4145
6717
4143
6718
6720
4147
6721
4154
4160
6719
4156
6420
4162
6729
4158
6727
4166
6427
4208
6726
4209
4214
6753
6754
4219
6755
6756
4222
6752
4223
4228
6757
4226
6758
6760
4230
6761
4237
4243
6759
4239
6457
4245
6769
4241
6767
4249
6464
4291
6766
4292
4297
6793
6794
4302
6795
6796
4305
6792
4306
4311
6797
4309
6798
6800
4313
6801
4320
4322
6494
4326
6799
4324
6807
4328
6809
4332
6501
4374
6806
4375
4380
6834
6833
4385
6836
6835
4388
6832
4389
4394
6837
4392
6838
6840
4396
6841
4403
4409
6839
4405
6531
4411
6849
4407
6847
4415
6538
4457
6846
4458
4463
6873
6874
4468
6875
6876
4471
6872
4472
4477
6877
4475
6878
6880
4479
6881
4486
4488
6568
4492
6879
4490
6887
4494
6889
4498
6575
4540
6886
4541
4546
6913
6914
4551
6915
6916
4554
6912
4555
4560
6917
4558
6918
6920
4562
6921
4569
4571
6605
4575
6919
4573
6927
4577
6929
4581
6612
4623
6926
2845
2847
2918
2920
2991
2993
3064
3066
3137
3139
3210
3212
3283
3285
3356
3358
3425
3429
3498
3502
3571
3575
3644
3648
3717
3721
3790
3794
3863
3867
3936
3940
3978
3979
3982
6641
6643
3994
6642
3998
6649
6650
4034
4041
6651
4004
4005
4012
4013
4065
4066
4069
6683
6685
4081
6684
4085
6691
6692
4117
4124
6693
4089
4090
4095
4096
4148
4149
4152
6723
6725
4164
6724
4168
6731
6732
4200
4207
6733
4172
4173
4178
4179
4231
4232
4235
6763
6765
4247
6764
4251
6772
6771
4283
4290
6773
4255
4256
4261
4262
4314
4315
4318
6803
6805
4330
6804
4334
6811
6812
4366
4373
6813
4338
4339
4344
4345
4397
4398
4401
6843
6845
4413
6844
4417
6851
6852
4449
4456
6853
4421
4422
4427
4428
4480
4481
4484
6883
6885
4496
6884
4500
6892
6891
4532
4539
6893
4504
4505
4510
4511
4563
4564
4567
6923
6925
4579
6924
4583
6931
6932
4615
4622
6933
4587
4588
4593
4594
3426
3430
3433
3435
3499
3503
3506
3508
3572
3576
3579
3581
3645
3649
3652
3654
3718
3722
3725
3727
3791
3795
3798
3800
3864
3868
3871
3873
3937
3941
3944
3946
2223
2232
5756
5755
2243
5752
2244
5761
2254
5765
5762
2842
5767
2233
2240
5760
5759
2247
5757
2248
5763
5748
2256
5764
5766
2844
5768
6046
2300
2307
5793
5794
2316
5791
2317
5798
2327
5802
5799
2915
5804
2308
2313
5796
5797
2320
5795
2321
5800
5787
2329
5801
5803
2917
5805
6085
2373
2380
5830
5831
2389
5828
2390
5835
2400
5836
5839
2988
5841
2381
2386
5834
5833
2393
5832
2394
5837
5824
2402
5840
5838
2990
5842
6122
2446
2453
5867
5868
2462
5865
2463
5872
2473
5873
5876
3061
5878
2454
2459
5870
5871
2466
5869
2467
5874
5861
2475
5875
5877
3063
5879
6159
2519
2526
5904
5905
2535
5902
2536
5909
2546
5913
5910
3134
5915
2527
2532
5907
5908
2539
5906
2540
5911
5898
2548
5912
5914
3136
5916
6196
2592
2599
5941
5942
2608
5939
2609
5946
2619
5947
5950
3207
5952
2600
2605
5944
5945
2612
5943
2613
5948
5935
2621
5949
5951
3209
5953
6233
2665
2672
5978
5979
2681
5976
2682
5983
2692
5987
5984
3280
5989
2673
2678
5981
5982
2685
5980
2686
5985
5972
2694
5988
5986
3282
5990
6270
2738
2745
6016
6015
2754
6013
2755
6020
2765
6024
6021
3353
6026
2746
2751
6018
6019
2758
6017
2759
6022
6009
2767
6025
6023
3355
6027
6307
2816
2818
6040
2822
2830
6053
2817
2819
3044
2823
3336
3117
2898
3190
2971
3263
6054
2826
2827
2977
3269
3050
3342
2831
3123
2904
3196
6058
2893
2894
6079
2897
2903
6092
2966
2967
6116
2976
2970
6129
3039
3040
6153
3049
3043
6166
3437
3112
3113
6190
3122
3116
6203
3439
3185
3186
6227
3195
3189
6240
3510
3258
3259
6264
3268
3262
6277
3512
3331
3332
6301
3341
3335
6314
3583
3585
3656
3658
3729
3731
3802
3804
3875
3877
3948
3950
4017
4021
4100
4104
4183
4187
4266
4270
4349
4353
4432
4436
4515
4519
4598
4602
4018
4022
4025
4027
4101
4105
4108
4110
4184
4188
4191
4193
4267
4271
4274
4276
4350
4354
4357
4359
4433
4437
4440
4442
4516
4520
4523
4525
4599
4603
4606
4608
2815
2824
6056
6055
2835
6052
2836
6061
2846
6065
6062
3434
6067
2825
2832
6059
6060
2839
6057
2840
6063
6048
2848
6064
6066
3436
6068
6346
2892
2899
6093
6094
2908
6091
2909
6098
2919
6099
6102
3507
6104
2900
2905
6097
6096
2912
6095
2913
6100
6087
2921
6101
6103
3509
6105
6385
2965
2972
6130
6131
2981
6128
2982
6135
2992
6136
6139
3580
6141
2973
2978
6133
6134
2985
6132
2986
6137
6124
2994
6138
6140
3582
6142
6422
3038
3045
6168
6167
3054
6165
3055
6172
3065
6176
6173
3653
6178
3046
3051
6171
6170
3058
6169
3059
6174
6161
3067
6177
6175
3655
6179
6459
3111
3118
6204
6205
3127
6202
3128
6209
3138
6210
6213
3726
6215
3119
3124
6208
6207
3131
6206
3132
6211
6198
3140
6212
6214
3728
6216
6496
4029
3184
3191
6241
6242
3200
6239
3201
6246
3211
6250
6247
3799
6252
4031
4112
4114
4195
4197
4278
3192
3197
6244
6245
3204
6243
3205
6248
6235
3213
6251
6249
3801
6253
6533
4280
4361
4363
4444
4446
4527
3257
3264
6278
6279
3273
6276
3274
6283
3284
6284
6287
3872
6289
4529
4610
4612
3265
3270
6281
6282
3277
6280
3278
6285
6272
3286
6288
6286
3874
6290
6570
3330
3337
6315
6316
3346
6313
3347
6320
3357
6321
6324
3945
6326
3338
3343
6318
6319
3350
6317
3351
6322
6309
3359
6323
6325
3947
6327
6607
3408
3410
6340
3422
3414
6353
3409
3411
3490
3782
3563
3855
3636
3415
3928
3709
6354
3418
3419
3715
3496
3788
3569
3861
3642
3934
3423
6358
3485
3486
6379
3489
3495
6392
3558
3559
6416
3568
3562
6429
3631
3632
6453
3641
3635
6466
3704
3705
6490
3714
3708
6503
3777
3778
6527
3787
3781
6540
3850
3851
6564
3860
3854
6577
3923
3924
6601
3933
3927
6614
4035
4037
4118
4120
4201
4203
4284
4286
4367
4369
4450
4452
4533
4535
4616
4618
3407
3416
6356
6355
3427
6352
3428
6361
3438
6362
6365
4026
6367
3417
3424
6360
6359
3431
6357
3432
6363
6348
3440
6364
6366
4028
6368
6646
3484
3491
6393
6394
3500
6391
3501
6398
3511
6402
6399
4109
6404
3492
3497
6396
6397
3504
6395
3505
6400
6387
3513
6401
6403
4111
6405
6688
3557
3564
6430
6431
3573
6428
3574
6435
3584
6436
6439
4192
6441
3565
3570
6434
6433
3577
6432
3578
6437
6424
3586
6440
6438
4194
6442
6728
3630
3637
6467
6468
3646
6465
3647
6472
3657
6473
6476
4275
6478
3638
3643
6470
6471
3650
6469
3651
6474
6461
3659
6475
6477
4277
6479
6768
3703
3710
6504
6505
3719
6502
3720
6509
3730
6513
6510
4358
6515
3711
3716
6508
6507
3723
6506
3724
6511
6498
3732
6514
6512
4360
6516
6808
3776
3783
6541
6542
3792
6539
3793
6546
3803
6547
6550
4441
6552
3784
3789
6544
6545
3796
6543
3797
6548
6535
3805
6549
6551
4443
6553
6848
3849
3856
6578
6579
3865
6576
3866
6583
3876
6584
6587
4524
6589
3857
3862
6582
6581
3869
6580
3870
6585
6572
3878
6586
6588
4526
6590
6888
3922
3929
6616
6615
3938
6613
3939
6620
3949
6624
6621
4607
6626
3930
3935
6618
6619
3942
6617
3943
6622
6609
3951
6625
6623
4609
6627
6928
4000
4002
6640
4014
4006
6653
4001
4003
4258
4007
4424
4590
4175
4341
4507
4092
6654
4010
4011
4513
4098
4264
4430
4015
4596
4181
4347
6658
4087
4088
6682
4097
4091
6695
4170
4171
6722
4180
4174
6735
4253
4254
6762
4257
4263
6775
4336
4337
6802
4346
4340
6815
4419
4420
6842
4429
4423
6855
4502
4503
6882
4512
4506
6895
4585
4586
6922
4595
4589
6935
3999
4008
6656
6655
4019
6652
4020
6661
4030
6665
6662
4036
6667
4039
6670
4009
4016
6659
6660
4023
6657
4024
6663
6648
4032
6664
6666
4038
6668
6669
4040
6671
4086
4093
6696
6697
4102
6694
4103
6701
4113
6705
6702
4119
6707
4122
6710
4094
4099
6699
6700
4106
6698
4107
6703
6690
4115
6704
6706
4121
6708
6709
4123
6711
4169
4176
6737
6736
4185
6734
4186
6741
4196
6745
6742
4202
6747
4205
6750
4177
4182
6739
6740
4189
6738
4190
6743
6730
4198
6744
6746
4204
6748
6749
4206
6751
4252
4259
6776
6777
4268
6774
4269
6781
4279
6785
6782
4285
6787
4288
6790
4260
4265
6779
6780
4272
6778
4273
6783
6770
4281
6784
6786
4287
6788
6789
4289
6791
4335
4342
6816
6817
4351
6814
4352
6821
4362
6825
6822
4368
6827
4371
6830
4343
4348
6820
6819
4355
6818
4356
6823
6810
4364
6826
6824
4370
6828
6829
4372
6831
4418
4425
6856
6857
4434
6854
4435
6861
4445
6865
6862
4451
6867
4454
6870
4426
4431
6859
6860
4438
6858
4439
6863
6850
4447
6864
6866
4453
6868
6869
4455
6871
4501
4508
6896
6897
4517
6894
4518
6901
4528
6905
6902
4534
6907
4537
6910
4509
4514
6899
6900
4521
6898
4522
6903
6890
4530
6906
6904
4536
6908
6909
4538
6911
4584
4591
6937
6936
4600
6934
4601
6941
4611
6942
6945
4617
6947
4620
6950
4592
4597
6939
6940
4604
6938
4605
6943
6930
4613
6944
6946
4619
6948
6949
4621
6951
