1
3
2
4
75
76
133
134
191
192
249
250
307
308
365
366
423
424
481
482
833
834
1185
1186
1537
1538
1889
1890
2241
2242
2593
2594
5
7
6
8
10
12
11
13
77
79
78
80
82
83
135
137
136
138
140
141
193
195
194
196
198
199
251
253
252
254
256
257
309
311
310
312
314
315
367
369
368
370
372
373
425
427
2945
426
428
430
431
483
485
484
486
488
489
539
541
540
542
581
583
582
584
623
625
624
626
665
667
666
668
707
709
708
710
749
751
750
752
791
793
3153
792
794
835
837
836
838
840
841
891
893
892
894
933
935
934
936
975
977
976
978
1017
1019
1018
1020
1059
1061
1060
1062
1101
1103
1102
1104
1143
1145
3297
1144
1146
1187
1189
1188
1190
1192
1193
1243
1245
1244
1246
1285
1287
1286
1288
1327
1329
1328
1330
1369
1371
1370
1372
1411
1413
1412
1414
1453
1455
1454
1456
1495
1497
3441
1496
1498
1539
1541
1540
1542
1544
1545
1595
1597
1596
1598
1637
1639
1638
1640
1679
1681
1680
1682
1721
1723
1722
1724
1763
1765
1764
1766
1805
1807
1806
1808
1847
1849
3585
1848
1850
1891
1893
1892
1894
1896
1897
1947
1949
1948
1950
1989
1991
1990
1992
2031
2033
2032
2034
2073
2075
2074
2076
2115
2117
2116
2118
2157
2159
2158
2160
2199
2201
3729
2200
2202
2243
2245
2244
2246
2248
2249
2299
2301
2300
2302
2341
2343
2342
2344
2383
2385
2384
2386
2425
2427
2426
2428
2467
2469
2468
2470
2509
2511
2510
2512
2551
2553
3873
2552
2554
2595
2597
2596
2598
2946
2600
2601
2651
2653
2652
2654
2978
2693
2695
2694
2696
3003
2735
2737
2736
2738
3028
2777
2779
2778
2780
3053
2819
2821
2820
2822
3078
2861
2863
2862
2864
3103
2903
2905
4017
2904
2906
3128
14
16
15
17
19
21
20
22
84
86
85
87
89
90
142
144
143
145
147
148
200
202
201
203
205
206
258
260
259
261
263
264
316
318
317
319
321
322
374
376
375
377
379
380
432
434
2949
433
435
437
438
490
492
491
493
495
496
544
546
545
547
586
588
587
589
628
630
629
631
670
672
671
673
712
714
713
715
754
756
755
757
796
798
3156
797
799
842
844
843
845
847
848
896
898
897
899
938
940
939
941
980
982
981
983
1022
1024
1023
1025
1064
1066
1065
1067
1106
1108
1107
1109
1148
1150
3300
1149
1151
1194
1196
1195
1197
1199
1200
1248
1250
1249
1251
1290
1292
1291
1293
1332
1334
1333
1335
1374
1376
1375
1377
1416
1418
1417
1419
1458
1460
1459
1461
1500
1502
3444
1501
1503
1546
1548
1547
1549
1551
1552
1600
1602
1601
1603
1642
1644
1643
1645
1684
1686
1685
1687
1726
1728
1727
1729
1768
1770
1769
1771
1810
1812
1811
1813
1852
1854
3588
1853
1855
1898
1900
1899
1901
1903
1904
1952
1954
1953
1955
1994
1996
1995
1997
2036
2038
2037
2039
2078
2080
2079
2081
2120
2122
2121
2123
2162
2164
2163
2165
2204
2206
3732
2205
2207
2250
2252
2251
2253
2255
2256
2304
2306
2305
2307
2346
2348
2347
2349
2388
2390
2389
2391
2430
2432
2431
2433
2472
2474
2473
2475
2514
2516
2515
2517
2556
2558
3876
2557
2559
2602
2604
2603
2605
2950
2607
2608
2656
2658
2657
2659
2981
2698
2700
2699
2701
3006
2740
2742
2741
2743
3031
2782
2784
2783
2785
3056
2824
2826
2825
2827
3081
2866
2868
2867
2869
3106
2908
2910
4020
2909
2911
3131
23
25
24
26
28
30
29
31
91
93
92
94
96
97
149
151
150
152
154
155
207
209
208
210
212
213
265
267
266
268
270
271
323
325
324
326
328
329
381
383
382
384
386
387
439
441
2953
440
442
444
445
497
499
498
500
502
503
549
551
550
552
591
593
592
594
633
635
634
636
675
677
676
678
717
719
718
720
759
761
760
762
801
803
3159
802
804
849
851
850
852
854
855
901
903
902
904
943
945
944
946
985
987
986
988
1027
1029
1028
1030
1069
1071
1070
1072
1111
1113
1112
1114
1153
1155
3303
1154
1156
1201
1203
1202
1204
1206
1207
1253
1255
1254
1256
1295
1297
1296
1298
1337
1339
1338
1340
1379
1381
1380
1382
1421
1423
1422
1424
1463
1465
1464
1466
1505
1507
3447
1506
1508
1553
1555
1554
1556
1558
1559
1605
1607
1606
1608
1647
1649
1648
1650
1689
1691
1690
1692
1731
1733
1732
1734
1773
1775
1774
1776
1815
1817
1816
1818
1857
1859
3591
1858
1860
1905
1907
1906
1908
1910
1911
1957
1959
1958
1960
1999
2001
2000
2002
2041
2043
2042
2044
2083
2085
2084
2086
2125
2127
2126
2128
2167
2169
2168
2170
2209
2211
3735
2210
2212
2257
2259
2258
2260
2262
2263
2309
2311
2310
2312
2351
2353
2352
2354
2393
2395
2394
2396
2435
2437
2436
2438
2477
2479
2478
2480
2519
2521
2520
2522
2561
2563
3879
2562
2564
2609
2611
2610
2612
2954
2614
2615
2661
2663
2662
2664
2984
2703
2705
2704
2706
3009
2745
2747
2746
2748
3034
2787
2789
2788
2790
3059
2829
2831
2830
2832
3084
2871
2873
2872
2874
3109
2913
2915
4023
2914
2916
3134
32
34
33
35
37
39
38
40
98
100
99
101
103
104
156
158
157
159
161
162
214
216
215
217
219
220
272
274
273
275
277
278
330
332
331
333
335
336
388
390
389
391
393
394
446
448
2957
447
449
451
452
504
506
505
507
509
510
554
556
555
557
596
598
597
599
638
640
639
641
680
682
681
683
722
724
723
725
764
766
765
767
806
808
3162
807
809
856
858
857
859
861
862
906
908
907
909
948
950
949
951
990
992
991
993
1032
1034
1033
1035
1074
1076
1075
1077
1116
1118
1117
1119
1158
1160
3306
1159
1161
1208
1210
1209
1211
1213
1214
1258
1260
1259
1261
1300
1302
1301
1303
1342
1344
1343
1345
1384
1386
1385
1387
1426
1428
1427
1429
1468
1470
1469
1471
1510
1512
3450
1511
1513
1560
1562
1561
1563
1565
1566
1610
1612
1611
1613
1652
1654
1653
1655
1694
1696
1695
1697
1736
1738
1737
1739
1778
1780
1779
1781
1820
1822
1821
1823
1862
1864
3594
1863
1865
1912
1914
1913
1915
1917
1918
1962
1964
1963
1965
2004
2006
2005
2007
2046
2048
2047
2049
2088
2090
2089
2091
2130
2132
2131
2133
2172
2174
2173
2175
2214
2216
3738
2215
2217
2264
2266
2265
2267
2269
2270
2314
2316
2315
2317
2356
2358
2357
2359
2398
2400
2399
2401
2440
2442
2441
2443
2482
2484
2483
2485
2524
2526
2525
2527
2566
2568
3882
2567
2569
2616
2618
2617
2619
2958
2621
2622
2666
2668
2667
2669
2987
2708
2710
2709
2711
3012
2750
2752
2751
2753
3037
2792
2794
2793
2795
3062
2834
2836
2835
2837
3087
2876
2878
2877
2879
3112
2918
2920
4026
2919
2921
3137
0
9
2947
2948
18
2952
2951
27
2956
2955
36
2960
2959
74
81
2979
2980
88
2983
2982
95
2985
2986
102
2988
2989
132
139
3004
3005
146
3008
3007
153
3010
3011
160
3013
3014
190
197
3029
3030
204
3032
3033
211
3035
3036
218
3038
3039
248
255
3054
3055
262
3057
3058
269
3061
3060
276
3064
3063
41
43
306
313
3080
3079
320
3082
3083
327
3085
3086
334
3088
3089
42
44
45
2963
2964
46
48
47
49
105
107
106
108
109
2992
2991
110
111
163
165
164
166
167
3016
3017
168
169
221
223
222
224
225
3041
3042
226
227
279
281
280
282
283
3067
3066
284
285
337
339
364
371
3104
3105
378
3107
3108
385
3110
3111
392
3113
3114
338
340
341
3091
3092
342
343
395
397
396
398
399
3116
3117
400
401
453
455
2961
454
456
458
459
511
513
512
514
516
517
422
429
3129
3130
436
3132
3133
443
3136
3135
450
3138
3139
457
3141
3142
559
561
560
562
601
603
602
604
643
645
644
646
685
687
686
688
480
487
3154
3155
494
3157
3158
501
3160
3161
508
3163
3164
515
3166
3167
727
729
728
730
769
771
770
772
811
813
3165
812
814
863
865
864
866
868
869
538
543
3178
3179
548
3180
3181
553
3182
3183
558
3184
3185
563
3186
3187
911
913
912
914
953
955
954
956
995
997
996
998
1037
1039
1038
1040
580
585
3195
3196
590
3197
3198
595
3200
3199
600
3201
3202
605
3203
3204
1079
1081
1080
1082
1121
1123
1122
1124
1163
1165
3309
1164
1166
1215
1217
1216
1218
1220
1221
622
627
3212
3213
632
3214
3215
637
3216
3217
642
3218
3219
647
3220
3221
1263
1265
1264
1266
1305
1307
1306
1308
1347
1349
1348
1350
1389
1391
1390
1392
664
669
3229
3230
674
3232
3231
679
3233
3234
684
3235
3236
689
3238
3237
1431
1433
1432
1434
1473
1475
1474
1476
1515
1517
3453
1516
1518
1567
1569
1568
1570
1572
1573
706
711
3246
3247
716
3248
3249
721
3250
3251
726
3252
3253
731
3254
3255
1615
1617
1616
1618
1657
1659
1658
1660
1699
1701
1700
1702
1741
1743
1742
1744
748
753
3264
3263
758
3265
3266
763
3267
3268
768
3269
3270
773
3272
3271
1783
1785
1784
1786
1825
1827
1826
1828
1867
1869
3597
1868
1870
1919
1921
1920
1922
1924
1925
790
795
3281
3280
800
3282
3283
805
3284
3285
810
3287
3286
815
3288
3289
1967
1969
1968
1970
2009
2011
2010
2012
2051
2053
2052
2054
2093
2095
2094
2096
832
839
3298
3299
846
3301
3302
853
3304
3305
860
3308
3307
867
3310
3311
2135
2137
2136
2138
2177
2179
2178
2180
2219
2221
3741
2220
2222
2271
2273
2272
2274
2276
2277
890
895
3322
3323
900
3324
3325
905
3326
3327
910
3328
3329
915
3330
3331
2319
2321
2320
2322
2361
2363
2362
2364
2403
2405
2404
2406
2445
2447
2446
2448
932
937
3339
3340
942
3341
3342
947
3344
3343
952
3345
3346
957
3347
3348
2487
2489
2488
2490
2529
2531
2530
2532
2571
2573
3885
2572
2574
2623
2625
2624
2626
2962
2628
2629
2671
2673
974
979
3356
3357
984
3358
3359
989
3360
3361
994
3362
3363
999
3365
3364
2672
2674
2990
2713
2715
2714
2716
3015
2755
2757
2756
2758
3040
2797
2799
2798
2800
3065
2839
2841
2840
2842
3090
2881
2883
2882
2884
3115
2923
2925
4029
2924
2926
3140
1016
1021
3373
3374
1026
3376
3375
1031
3377
3378
1036
3379
3380
1041
3382
3381
1058
1063
3390
3391
1068
3393
3392
1073
3394
3395
1078
3396
3397
1083
3398
3399
1100
1105
3408
3407
1110
3409
3410
1115
3411
3412
1120
3413
3414
1125
3416
3415
1142
1147
3425
3424
1152
3426
3427
1157
3428
3429
1162
3431
3430
1167
3432
3433
1184
1191
3442
3443
1198
3445
3446
1205
3448
3449
1212
3451
3452
1219
3454
3455
1242
1247
3466
3467
1252
3468
3469
1257
3470
3471
1262
3472
3473
1267
3474
3475
1284
1289
3483
3484
1294
3485
3486
1299
3488
3487
1304
3489
3490
1309
3491
3492
1326
1331
3500
3501
1336
3502
3503
1341
3504
3505
1346
3506
3507
1351
3508
3509
1368
1373
3517
3518
1378
3520
3519
1383
3521
3522
1388
3523
3524
1393
3525
3526
1410
1415
3534
3535
1420
3536
3537
1425
3538
3539
1430
3540
3541
1435
3542
3543
1452
1457
3552
3551
1462
3553
3554
1467
3555
3556
1472
3557
3558
1477
3560
3559
1494
1499
3569
3568
1504
3570
3571
1509
3572
3573
1514
3575
3574
1519
3576
3577
1536
1543
3586
3587
1550
3589
3590
1557
3592
3593
1564
3595
3596
1571
3598
3599
1594
1599
3610
3611
1604
3612
3613
1609
3614
3615
1614
3616
3617
1619
3618
3619
1636
1641
3627
3628
1646
3629
3630
1651
3632
3631
1656
3633
3634
1661
3635
3636
1678
1683
3644
3645
1688
3646
3647
1693
3648
3649
1698
3650
3651
1703
3653
3652
1720
1725
3661
3662
1730
3664
3663
1735
3665
3666
1740
3667
3668
1745
3670
3669
1762
1767
3678
3679
1772
3680
3681
1777
3682
3683
1782
3684
3685
1787
3686
3687
1804
1809
3696
3695
1814
3697
3698
1819
3699
3700
1824
3701
3702
1829
3704
3703
1846
1851
3713
3712
1856
3714
3715
1861
3716
3717
1866
3719
3718
1871
3720
3721
1888
1895
3730
3731
1902
3733
3734
1909
3736
3737
1916
3739
3740
1923
3742
3743
1946
1951
3754
3755
1956
3756
3757
1961
3758
3759
1966
3760
3761
1971
3762
3763
1988
1993
3771
3772
1998
3773
3774
2003
3775
3776
2008
3777
3778
2013
3779
3780
2030
2035
3788
3789
2040
3790
3791
2045
3792
3793
2050
3794
3795
2055
3796
3797
2072
2077
3805
3806
2082
3808
3807
2087
3809
3810
2092
3811
3812
2097
3814
3813
2114
2119
3822
3823
2124
3824
3825
2129
3826
3827
2134
3828
3829
2139
3830
3831
2156
2161
3840
3839
2166
3841
3842
2171
3843
3844
2176
3845
3846
2181
3848
3847
2198
2203
3857
3856
2208
3858
3859
2213
3860
3861
2218
3863
3862
2223
3864
3865
2240
2247
3874
3875
2254
3877
3878
2261
3880
3881
2268
3883
3884
2275
3886
3887
50
52
51
53
54
2968
2967
55
57
56
58
112
114
113
115
116
2994
2995
117
118
170
172
171
173
174
3019
3020
175
176
228
230
229
231
232
3044
3045
233
234
286
288
287
289
290
3069
3070
291
292
344
346
345
347
348
3094
3095
349
350
402
404
2298
2303
3898
3899
2308
3900
3901
2313
3902
3903
2318
3904
3905
2323
3906
3907
403
405
406
3120
3119
407
408
460
462
2965
461
463
464
3144
3145
465
466
518
520
519
521
522
3170
3169
523
524
564
566
565
567
568
3189
3188
606
608
607
609
610
3205
3206
648
650
649
651
652
3222
3223
690
692
691
693
694
3240
3239
732
734
733
735
736
3256
3257
774
776
775
777
778
3273
3274
816
818
3168
817
819
820
3290
3291
870
872
871
873
874
3314
3313
875
876
916
918
917
919
920
3333
3332
958
960
959
961
962
3349
3350
1000
1002
1001
1003
1004
3366
3367
1042
1044
1043
1045
1046
3384
3383
1084
1086
1085
1087
1088
3400
3401
1126
1128
1127
1129
1130
3417
3418
1168
1170
3312
1169
1171
1172
3434
3435
1222
1224
1223
1225
1226
3458
3457
1227
1228
1268
1270
1269
1271
1272
3476
3477
1310
1312
1311
1313
1314
3493
3494
1352
1354
1353
1355
1356
3510
3511
1394
1396
1395
1397
1398
3528
3527
1436
1438
1437
1439
1440
3544
3545
1478
1480
1479
1481
1482
3561
3562
1520
1522
3456
1521
1523
1524
3578
3579
1574
1576
1575
1577
1578
3602
3601
1579
1580
1620
1622
1621
1623
1624
3621
3620
1662
1664
1663
1665
1666
3637
3638
1704
1706
1705
1707
1708
3654
3655
1746
1748
1747
1749
1750
3672
3671
1788
1790
1789
1791
1792
3688
3689
1830
1832
1831
1833
1834
3705
3706
1872
1874
3600
1873
1875
1876
3722
3723
1926
1928
1927
1929
1930
3746
3745
1931
1932
1972
1974
1973
1975
1976
3764
3765
2014
2016
2015
2017
2018
3781
3782
2056
2058
2057
2059
2060
3798
3799
2098
2100
2099
2101
2102
3816
3815
2140
2142
2141
2143
2144
3832
3833
2182
2184
2183
2185
2186
3849
3850
2224
2226
3744
2225
2227
2228
3866
3867
2278
2280
2279
2281
2282
3890
3889
2283
2284
2324
2326
2325
2327
2328
3909
3908
2366
2368
2367
2369
2408
2410
2409
2411
2450
2452
2451
2453
2492
2494
2340
2345
3915
3916
2350
3917
3918
2355
3920
3919
2360
3921
3922
2365
3923
3924
2370
3925
3926
2493
2495
2534
2536
2535
2537
2576
2578
3888
2577
2579
2630
2632
2631
2633
2966
2635
2636
2676
2678
2677
2679
2993
2718
2720
2719
2721
3018
2760
2762
2761
2763
3043
2802
2804
2382
2387
3932
3933
2392
3934
3935
2397
3936
3937
2402
3938
3939
2407
3940
3941
2412
3942
3943
2803
2805
3068
2844
2846
2845
2847
3093
2886
2888
2887
2889
3118
2928
2930
4032
2929
2931
3143
2424
2429
3949
3950
2434
3952
3951
2439
3953
3954
2444
3955
3956
2449
3958
3957
2454
3960
3959
2466
2471
3966
3967
2476
3968
3969
2481
3970
3971
2486
3972
3973
2491
3974
3975
2496
3976
3977
2508
2513
3984
3983
2518
3985
3986
2523
3987
3988
2528
3989
3990
2533
3992
3991
2538
3993
3994
2550
2555
4001
4000
2560
4002
4003
2565
4004
4005
2570
4007
4006
2575
4008
4009
2580
4010
4011
2592
2599
4018
4019
2606
4022
4021
2613
4024
4025
2620
4028
4027
2627
4030
4031
2634
4034
4033
2650
2655
4042
4043
2660
4044
4045
2665
4046
4047
2670
4048
4049
2675
4050
4051
2680
4053
4052
2692
2697
4059
4060
2702
4061
4062
2707
4064
4063
2712
4065
4066
2717
4067
4068
2722
4069
4070
2734
2739
4076
4077
2744
4078
4079
2749
4080
4081
2754
4082
4083
2759
4084
4085
2764
4086
4087
2776
2781
4093
4094
2786
4096
4095
2791
4097
4098
2796
4099
4100
2801
4101
4102
2806
4104
4103
2818
2823
4110
4111
2828
4112
4113
2833
4114
4115
2838
4116
4117
2843
4118
4119
2848
4120
4121
2860
2865
4128
4127
2870
4129
4130
2875
4131
4132
2880
4133
4134
2885
4136
4135
2890
4137
4138
2902
2907
4145
4144
2912
4146
4147
2917
4148
4149
2922
4151
4150
2927
4152
4153
2932
4154
4155
59
61
60
62
63
2971
2972
64
66
65
67
119
121
120
122
123
2997
2998
124
125
177
179
178
180
181
3022
3023
182
183
235
237
236
238
239
3048
3047
240
241
293
295
294
296
297
3073
3072
298
299
351
353
352
354
355
3097
3098
356
357
409
411
410
412
413
3122
3123
414
415
467
469
2969
468
470
471
3147
3148
472
473
525
527
526
528
529
3172
3173
530
531
569
571
570
572
573
3190
3191
611
613
612
614
615
3208
3207
653
655
654
656
657
3224
3225
695
697
696
698
699
3241
3242
737
739
738
740
741
3258
3259
779
781
780
782
783
3276
3275
821
823
3171
822
824
825
3292
3293
877
879
878
880
881
3316
3317
882
883
921
923
922
924
925
3334
3335
963
965
964
966
967
3352
3351
1005
1007
1006
1008
1009
3368
3369
1047
1049
1048
1050
1051
3385
3386
1089
1091
1090
1092
1093
3403
3402
1131
1133
1132
1134
1135
3419
3420
1173
1175
3315
1174
1176
1177
3436
3437
1229
1231
1230
1232
1233
3460
3461
1234
1235
1273
1275
1274
1276
1277
3478
3479
1315
1317
1316
1318
1319
3496
3495
1357
1359
1358
1360
1361
3512
3513
1399
1401
1400
1402
1403
3529
3530
1441
1443
1442
1444
1445
3546
3547
1483
1485
1484
1486
1487
3564
3563
1525
1527
3459
1526
1528
1529
3580
3581
1581
1583
1582
1584
1585
3604
3605
1586
1587
1625
1627
1626
1628
1629
3622
3623
1667
1669
1668
1670
1671
3640
3639
1709
1711
1710
1712
1713
3656
3657
1751
1753
1752
1754
1755
3673
3674
1793
1795
1794
1796
1797
3691
3690
1835
1837
1836
1838
1839
3708
3707
1877
1879
3603
1878
1880
1881
3724
3725
1933
1935
1934
1936
1937
3748
3749
1938
1939
1977
1979
1978
1980
1981
3766
3767
2019
2021
2020
2022
2023
3784
3783
2061
2063
2062
2064
2065
3800
3801
2103
2105
2104
2106
2107
3817
3818
2145
2147
2146
2148
2149
3835
3834
2187
2189
2188
2190
2191
3851
3852
2229
2231
3747
2230
2232
2233
3868
3869
2285
2287
2286
2288
2289
3892
3893
2290
2291
2329
2331
2330
2332
2333
3910
3911
2371
2373
2372
2374
2375
3928
3927
2413
2415
2414
2416
2417
3944
3945
2455
2457
2456
2458
2459
3961
3962
2497
2499
2498
2500
2501
3979
3978
2539
2541
2540
2542
2543
3996
3995
2581
2583
3891
2582
2584
2585
4012
4013
2637
2639
2638
2640
2970
2641
4036
4037
2642
2643
2681
2683
2682
2684
2996
2685
4054
4055
2723
2725
2724
2726
3021
2727
4072
4071
2765
2767
2766
2768
3046
2769
4088
4089
2807
2809
2808
2810
3071
2811
4105
4106
2849
2851
2850
2852
3096
2853
4123
4122
2891
2893
2892
2894
3121
2895
4139
4140
2933
2935
4035
2934
2936
3146
2937
4156
4157
68
70
69
71
72
2976
2975
73
2944
126
128
127
129
130
3000
3001
131
2977
184
186
185
187
188
3025
3026
189
3002
242
244
243
245
246
3050
3051
247
3027
300
302
301
303
304
3075
3076
305
3052
358
360
359
361
362
3100
3101
363
3077
416
418
417
419
420
3125
3126
421
3102
474
476
2973
475
477
478
3150
3151
479
3127
532
534
533
535
536
3176
3175
537
3152
574
576
575
577
578
3192
3193
579
3177
616
618
617
619
620
3209
3210
621
3194
658
660
659
661
662
3226
3227
663
3211
700
702
701
703
704
3243
3244
705
3228
742
744
743
745
746
3260
3261
747
3245
784
786
785
787
788
3277
3278
789
3262
826
828
3174
827
829
830
3295
3294
831
3279
884
886
885
887
888
3320
3319
889
3296
926
928
927
929
930
3336
3337
931
3321
968
970
969
971
972
3353
3354
973
3338
1010
1012
1011
1013
1014
3370
3371
1015
3355
1052
1054
1053
1055
1056
3387
3388
1057
3372
1094
1096
1095
1097
1098
3404
3405
1099
3389
1136
1138
1137
1139
1140
3421
3422
1141
3406
1178
1180
3318
1179
1181
1182
3439
3438
1183
3423
1236
1238
1237
1239
1240
3464
3463
1241
3440
1278
1280
1279
1281
1282
3480
3481
1283
3465
1320
1322
1321
1323
1324
3497
3498
1325
3482
1362
1364
1363
1365
1366
3514
3515
1367
3499
1404
1406
1405
1407
1408
3531
3532
1409
3516
1446
1448
1447
1449
1450
3548
3549
1451
3533
1488
1490
1489
1491
1492
3565
3566
1493
3550
1530
1532
3462
1531
1533
1534
3583
3582
1535
3567
1588
1590
1589
1591
1592
3608
3607
1593
3584
1630
1632
1631
1633
1634
3624
3625
1635
3609
1672
1674
1673
1675
1676
3641
3642
1677
3626
1714
1716
1715
1717
1718
3658
3659
1719
3643
1756
1758
1757
1759
1760
3675
3676
1761
3660
1798
1800
1799
1801
1802
3692
3693
1803
3677
1840
1842
1841
1843
1844
3709
3710
1845
3694
1882
1884
3606
1883
1885
1886
3727
3726
1887
3711
1940
1942
1941
1943
1944
3752
3751
1945
3728
1982
1984
1983
1985
1986
3768
3769
1987
3753
2024
2026
2025
2027
2028
3785
3786
2029
3770
2066
2068
2067
2069
2070
3802
3803
2071
3787
2108
2110
2109
2111
2112
3819
3820
2113
3804
2150
2152
2151
2153
2154
3836
3837
2155
3821
2192
2194
2193
2195
2196
3853
3854
2197
3838
2234
2236
3750
2235
2237
2238
3871
3870
2239
3855
2292
2294
2293
2295
2296
3896
3895
2297
3872
2334
2336
2335
2337
2338
3912
3913
2339
3897
2376
2378
2377
2379
2380
3929
3930
2381
3914
2418
2420
2419
2421
2422
3946
3947
2423
3931
2460
2462
2461
2463
2464
3963
3964
2465
3948
2502
2504
2503
2505
2506
3980
3981
2507
3965
2544
2546
2545
2547
2548
3997
3998
2549
3982
2586
2588
3894
2587
2589
2590
4015
4014
2591
3999
2644
2646
2645
2647
2974
2648
4040
4039
2649
4016
2686
2688
2687
2689
2999
2690
4056
4057
2691
4041
2728
2730
2729
2731
3024
2732
4073
4074
2733
4058
2770
2772
2771
2773
3049
2774
4090
4091
2775
4075
2812
2814
2813
2815
3074
2816
4107
4108
2817
4092
2854
2856
2855
2857
3099
2858
4124
4125
2859
4109
2896
2898
2897
2899
3124
2900
4141
4142
2901
4126
2938
2940
4038
2939
2941
3149
2942
4159
4158
2943
4143
