1
2
58
107
156
205
5
6
10
11
60
61
65
109
110
114
158
159
163
207
208
212
286
287
359
360
432
433
3
4
59
108
157
206
0
14
15
57
67
68
106
116
117
155
165
166
204
214
215
285
291
292
358
364
365
431
437
438
505
12
13
66
115
164
213
209
7
8
161
112
63
288
62
361
111
160
434
289
210
435
362
507
508
512
586
587
659
660
732
733
506
16
216
168
17
70
119
293
69
366
118
439
167
440
217
294
367
9
64
113
162
290
211
436
363
19
72
121
170
219
296
369
442
504
514
515
585
591
592
658
664
665
731
737
738
805
509
513
588
661
734
662
589
510
735
18
71
120
169
295
218
441
368
20
73
122
171
220
297
370
443
807
808
812
896
897
979
980
1062
1063
516
593
666
739
806
594
667
740
517
663
590
511
736
21
74
123
172
298
221
444
371
26
79
128
177
226
303
376
449
519
596
669
742
804
814
815
895
901
902
978
984
985
1061
1067
1068
809
813
898
981
1064
1065
810
899
982
668
595
518
741
22
75
124
173
299
222
445
372
23
24
28
76
77
81
125
126
130
174
175
179
223
224
228
300
301
305
373
374
378
446
447
451
520
597
670
743
816
903
986
1069
904
817
987
1070
1066
811
900
983
671
598
521
744
27
80
129
178
304
227
450
377
36
37
46
89
138
187
235
252
253
262
312
329
385
402
458
475
526
603
676
749
819
906
989
1072
25
78
127
176
225
302
375
448
1071
818
905
988
672
599
522
745
29
82
131
180
306
229
452
379
30
40
41
48
49
83
91
92
97
98
132
140
141
146
147
181
189
190
195
196
230
237
241
256
257
264
265
307
314
318
331
332
337
338
380
387
391
404
405
410
411
453
460
464
477
478
483
484
523
524
528
600
601
605
673
674
678
746
747
751
820
907
990
1073
39
47
255
263
236
313
386
459
1074
821
908
991
677
604
527
750
38
90
139
188
330
254
476
403
32
33
35
45
85
86
88
96
134
135
137
145
183
184
186
194
232
233
239
243
251
261
309
310
316
320
328
336
382
383
389
393
401
409
455
456
462
466
474
482
535
552
553
562
612
629
685
702
758
775
826
913
996
1079
31
84
133
182
231
308
381
454
525
602
675
748
192
43
94
143
51
100
149
198
480
259
334
407
267
340
413
486
242
238
315
319
392
388
465
461
1075
822
909
992
679
606
529
752
42
50
99
93
148
142
197
191
339
333
258
266
485
479
412
406
53
55
102
104
151
153
200
202
245
247
269
273
322
324
342
346
395
397
415
419
468
470
488
492
530
537
541
556
557
564
565
607
614
618
631
632
637
638
680
687
691
704
705
710
711
753
760
764
777
778
783
784
823
824
828
910
911
915
993
994
998
1076
1077
1081
555
563
34
87
136
185
234
311
384
457
536
613
686
759
244
240
317
321
394
390
467
463
1080
827
914
997
703
630
554
776
44
52
101
95
150
144
199
193
341
335
260
268
487
481
414
408
249
270
274
277
279
326
343
347
350
352
399
416
420
423
425
472
489
493
496
498
532
533
539
543
551
561
609
610
616
620
628
636
682
683
689
693
701
709
755
756
762
766
774
782
835
852
853
862
922
939
1005
1022
1088
1105
531
608
681
754
825
912
995
1078
634
707
780
559
640
713
786
567
538
542
619
615
688
692
761
765
246
248
325
323
396
398
469
471
1082
829
916
999
712
706
633
639
566
558
785
779
54
56
105
103
154
152
203
201
348
344
271
275
494
490
421
417
281
283
354
356
427
429
500
502
545
547
569
573
622
624
642
646
695
697
715
719
768
770
788
792
830
837
841
856
857
864
865
917
924
928
941
942
947
948
1000
1007
1011
1024
1025
1030
1031
1083
1090
1094
1107
1108
1113
1114
855
863
534
611
684
757
836
923
1006
1089
540
544
621
617
690
694
763
767
250
327
400
473
1106
854
940
1023
714
708
635
641
568
560
787
781
278
280
353
351
426
424
499
497
349
345
272
276
495
491
422
418
549
570
574
577
579
626
643
647
650
652
699
716
720
723
725
772
789
793
796
798
832
833
839
843
851
861
919
920
926
930
938
946
1002
1003
1009
1013
1021
1029
1085
1086
1092
1096
1104
1112
831
918
1001
1084
944
1027
859
1110
1033
867
1116
950
842
838
929
925
1008
1012
1091
1095
546
623
696
769
548
625
698
771
1115
1109
858
866
949
943
1032
1026
721
717
644
648
575
571
794
790
357
355
282
284
503
501
430
428
581
583
654
656
727
729
800
802
845
847
869
873
932
934
952
956
1015
1017
1035
1039
1098
1100
1118
1122
834
921
1004
1087
844
840
931
927
1010
1014
1093
1097
550
627
700
773
1117
1111
860
868
951
945
1034
1028
722
718
645
649
576
572
795
791
653
651
578
580
799
797
726
724
849
870
874
877
879
936
953
957
960
962
1019
1036
1040
1043
1045
1102
1119
1123
1126
1128
846
933
1016
1099
848
935
1018
1101
1124
1120
871
875
958
954
1041
1037
657
655
582
584
803
801
730
728
881
883
885
964
966
968
1047
1049
1051
1130
1132
1134
850
937
1020
1103
1125
1121
872
876
959
955
1042
1038
963
961
878
880
1129
1127
1046
1044
887
889
970
972
1053
1055
1136
1138
886
969
1052
1135
967
965
882
884
1133
1131
1050
1048
973
971
888
890
1139
1137
1056
1054
894
977
1060
1143
893
976
1059
1142
975
974
891
892
1141
1140
1058
1057
1146
1249
1150
1252
1147
1148
1176
1175
1201
1200
1226
1225
1290
1291
1251
1250
1364
1365
1328
1327
1401
1152
1151
1179
1178
1204
1203
1228
1229
1292
1293
1253
1254
1366
1367
1329
1330
1404
1480
1479
1442
1443
1402
1403
1517
1516
1144
1173
1198
1223
1289
1248
1363
1326
1145
1174
1199
1224
1553
1481
1482
1444
1445
1405
1406
1518
1519
1149
1177
1202
1227
1556
1677
1678
1554
1555
1597
1598
1637
1638
1478
1441
1400
1515
1153
1180
1205
1230
1294
1255
1368
1331
1156
1154
1181
1183
1208
1206
1233
1231
1256
1258
1295
1297
1332
1334
1369
1371
1680
1679
1557
1558
1600
1599
1640
1639
1157
1184
1209
1234
1298
1259
1372
1335
1676
1552
1596
1636
1483
1446
1407
1520
1158
1185
1210
1235
1260
1299
1336
1373
1410
1408
1449
1447
1484
1486
1521
1523
1164
1168
1274
1278
1257
1155
1182
1296
1333
1207
1370
1232
1487
1450
1411
1524
1163
1190
1215
1240
1312
1273
1386
1349
1161
1159
1186
1188
1211
1213
1236
1238
1261
1263
1300
1302
1337
1339
1376
1374
1267
1265
1304
1306
1343
1341
1380
1378
1681
1559
1601
1641
1166
1165
1169
1170
1194
1195
1192
1191
1219
1220
1217
1216
1244
1245
1242
1241
1317
1316
1313
1314
1275
1276
1280
1279
1390
1391
1387
1388
1353
1354
1350
1351
1412
1451
1488
1525
1560
1562
1602
1604
1644
1642
1682
1684
1426
1430
1264
1409
1448
1303
1340
1485
1377
1522
1262
1160
1187
1301
1338
1212
1375
1237
1685
1563
1605
1645
1501
1464
1425
1538
1162
1167
1193
1189
1218
1214
1243
1239
1315
1311
1272
1277
1389
1385
1352
1348
1413
1415
1452
1454
1489
1491
1528
1526
1417
1419
1458
1456
1493
1495
1530
1532
1269
1270
1308
1309
1345
1346
1382
1383
1506
1505
1502
1503
1465
1466
1468
1469
1432
1431
1428
1427
1542
1543
1539
1540
1171
1172
1266
1197
1305
1196
1222
1221
1342
1247
1379
1246
1320
1307
1318
1281
1283
1268
1394
1392
1381
1357
1344
1355
1564
1606
1646
1686
1578
1582
1561
1416
1603
1455
1492
1643
1529
1683
1414
1453
1490
1527
1271
1310
1347
1384
1699
1577
1619
1659
1504
1500
1463
1467
1429
1424
1541
1537
1321
1323
1322
1319
1282
1285
1284
1286
1395
1397
1393
1396
1360
1358
1356
1359
1565
1567
1609
1607
1649
1647
1689
1687
1571
1569
1613
1611
1651
1653
1691
1693
1421
1422
1460
1461
1498
1497
1534
1535
1704
1703
1700
1701
1579
1580
1584
1583
1624
1623
1620
1621
1664
1663
1661
1660
1509
1507
1496
1470
1472
1459
1435
1433
1420
1546
1544
1533
1325
1457
1324
1287
1288
1418
1399
1531
1398
1362
1361
1494
1566
1608
1648
1688
1423
1462
1499
1536
1702
1698
1576
1581
1622
1618
1662
1658
1473
1475
1474
1471
1434
1437
1436
1438
1547
1549
1545
1548
1512
1510
1508
1511
1574
1573
1616
1615
1656
1655
1696
1695
1707
1705
1694
1585
1587
1572
1627
1625
1614
1667
1665
1654
1477
1476
1612
1439
1440
1570
1551
1692
1550
1514
1513
1652
1628
1630
1626
1629
1586
1589
1588
1590
1708
1710
1706
1709
1668
1670
1666
1669
1632
1633
1631
1591
1592
1593
1712
1713
1711
1672
1673
1671
1568
1610
1650
1690
1575
1617
1657
1697
1635
1634
1594
1595
1715
1714
1675
1674
