1
2
75
133
191
249
307
365
423
481
833
1185
1537
1889
2241
2593
5
6
10
11
77
78
82
135
136
140
193
194
198
251
252
256
309
310
314
367
368
372
425
426
430
483
484
488
539
540
581
582
623
624
665
666
707
708
749
750
791
792
835
836
840
891
892
933
934
975
976
1017
1018
1059
1060
1101
1102
1143
1144
1187
1188
1192
1243
1244
1285
1286
1327
1328
1369
1370
1411
1412
1453
1454
1495
1496
1539
1540
1544
1595
1596
1637
1638
1679
1680
1721
1722
1763
1764
1805
1806
1847
1848
1891
1892
1896
1947
1948
1989
1990
2031
2032
2073
2074
2115
2116
2157
2158
2199
2200
2243
2244
2248
2299
2300
2341
2342
2383
2384
2425
2426
2467
2468
2509
2510
2551
2552
2595
2596
2600
2651
2652
2693
2694
2735
2736
2777
2778
2819
2820
2861
2862
2903
2904
3
4
76
134
192
250
308
366
424
482
834
1186
1538
1890
2242
2594
0
14
15
19
20
74
84
85
89
132
142
143
147
190
200
201
205
248
258
259
263
306
316
317
321
364
374
375
379
422
432
433
437
480
490
491
495
538
544
545
580
586
587
622
628
629
664
670
671
706
712
713
748
754
755
790
796
797
832
842
843
847
890
896
897
932
938
939
974
980
981
1016
1022
1023
1058
1064
1065
1100
1106
1107
1142
1148
1149
1184
1194
1195
1199
1242
1248
1249
1284
1290
1291
1326
1332
1333
1368
1374
1375
1410
1416
1417
1452
1458
1459
1494
1500
1501
1536
1546
1547
1551
1594
1600
1601
1636
1642
1643
1678
1684
1685
1720
1726
1727
1762
1768
1769
1804
1810
1811
1846
1852
1853
1888
1898
1899
1903
1946
1952
1953
1988
1994
1995
2030
2036
2037
2072
2078
2079
2114
2120
2121
2156
2162
2163
2198
2204
2205
2240
2250
2251
2255
2298
2304
2305
2340
2346
2347
2382
2388
2389
2424
2430
2431
2466
2472
2473
2508
2514
2515
2550
2556
2557
2592
2602
2603
2607
2650
2656
2657
2692
2698
2699
2734
2740
2741
2776
2782
2783
2818
2824
2825
2860
2866
2867
2902
2908
2909
12
13
83
141
199
257
315
373
431
489
841
1193
1545
1897
2249
2601
195
7
137
427
79
369
311
253
838
1190
8
486
1542
1894
2246
2598
542
1598
2654
80
1950
2302
1246
894
584
1288
138
1640
936
1992
2344
2696
196
978
626
1330
1682
2034
2386
2738
668
2780
1020
2076
1372
2428
1724
254
1766
1062
1414
710
2118
2470
2822
312
752
1808
370
1104
1456
2160
2512
2864
1146
2202
428
2554
1498
794
1850
2906
485
709
583
751
625
793
667
541
837
1061
935
1103
977
1145
1019
893
1189
1413
1287
1455
1329
1497
1371
1245
1541
1765
1639
1807
1681
1849
1723
1597
1893
2117
1991
2159
2033
2201
2075
1949
2245
2469
2343
2511
2385
2553
2427
2301
2597
2821
2695
2863
2737
2905
2779
2653
23
24
28
29
91
92
96
149
150
154
207
208
212
265
266
270
323
324
328
381
382
386
439
440
444
497
498
502
549
550
591
592
633
634
675
676
717
718
759
760
801
802
849
850
854
901
902
943
944
985
986
1027
1028
1069
1070
1111
1112
1153
1154
1201
1202
1206
1253
1254
1295
1296
1337
1338
1379
1380
1421
1422
1463
1464
1505
1506
1553
1554
1558
1605
1606
1647
1648
1689
1690
1731
1732
1773
1774
1815
1816
1857
1858
1905
1906
1910
1957
1958
1999
2000
2041
2042
2083
2084
2125
2126
2167
2168
2209
2210
2257
2258
2262
2309
2310
2351
2352
2393
2394
2435
2436
2477
2478
2519
2520
2561
2562
2609
2610
2614
2661
2662
2703
2704
2745
2746
2787
2788
2829
2830
2871
2872
2913
2914
21
22
90
148
206
264
322
380
438
496
848
1200
1552
1904
2256
2608
260
202
16
144
434
86
376
318
1549
845
493
1197
17
1901
2253
2605
1603
547
899
1251
1955
2307
2659
87
1293
1645
589
941
145
1997
2349
2701
631
2743
203
983
2039
1687
1335
2391
673
1729
1025
1377
261
2081
2433
2785
1067
715
1419
1771
2123
2475
2827
319
1813
1109
757
1461
377
2165
2517
2869
2207
1503
2559
435
799
2911
1151
1855
672
546
714
492
588
756
630
798
1024
898
1066
940
844
1108
982
1150
1376
1250
1418
1196
1292
1460
1334
1502
1728
1602
1770
1644
1548
1812
1686
1854
2080
1954
2122
1996
1900
2164
2038
2206
2432
2306
2474
2252
2348
2516
2390
2558
2784
2658
2826
2700
2604
2868
2742
2910
9
81
139
197
255
313
371
429
487
711
585
753
627
795
669
543
839
1063
937
1105
979
1147
1021
895
1191
1415
1289
1457
1331
1499
1373
1247
1543
1767
1641
1809
1683
1851
1725
1599
1895
2119
1993
2161
2035
2203
2077
1951
2247
2471
2345
2513
2387
2555
2429
2303
2599
2823
2697
2865
2739
2907
2781
2655
32
33
37
38
98
99
103
156
157
161
214
215
219
272
273
277
330
331
335
388
389
393
446
447
451
504
505
509
554
555
596
597
638
639
680
681
722
723
764
765
806
807
856
857
861
906
907
948
949
990
991
1032
1033
1074
1075
1116
1117
1158
1159
1208
1209
1213
1258
1259
1300
1301
1342
1343
1384
1385
1426
1427
1468
1469
1510
1511
1560
1561
1565
1610
1611
1652
1653
1694
1695
1736
1737
1778
1779
1820
1821
1862
1863
1912
1913
1917
1962
1963
2004
2005
2046
2047
2088
2089
2130
2131
2172
2173
2214
2215
2264
2265
2269
2314
2315
2356
2357
2398
2399
2440
2441
2482
2483
2524
2525
2566
2567
2616
2617
2621
2666
2667
2708
2709
2750
2751
2792
2793
2834
2835
2876
2877
2918
2919
30
31
97
155
213
271
329
387
445
503
855
1207
1559
1911
2263
2615
325
267
441
209
151
25
93
383
1556
500
1204
852
1908
2260
26
2612
552
1256
1608
904
1960
2312
2664
94
946
594
1298
1650
2002
2354
152
2706
636
2748
988
2044
210
1340
2396
1692
1382
1734
678
1030
2086
2438
268
2790
326
720
1072
1776
1424
2128
2480
2832
384
762
1114
2170
1466
2522
1818
2874
1156
804
1508
1860
2212
2564
2916
442
803
677
551
719
593
499
761
635
1155
1029
903
1071
945
851
1113
987
1507
1381
1255
1423
1297
1203
1465
1339
1859
1733
1607
1775
1649
1555
1817
1691
2211
2085
1959
2127
2001
1907
2169
2043
2563
2437
2311
2479
2353
2259
2521
2395
2915
2789
2663
2831
2705
2611
2873
2747
18
88
146
204
262
320
378
436
494
716
590
758
632
800
674
548
846
1068
942
1110
984
1152
1026
900
1198
1420
1294
1462
1336
1504
1378
1252
1550
1772
1646
1814
1688
1856
1730
1604
1902
2124
1998
2166
2040
2208
2082
1956
2254
2476
2350
2518
2392
2560
2434
2308
2606
2828
2702
2870
2744
2912
2786
2660
41
42
46
47
105
106
110
163
164
168
221
222
226
279
280
284
337
338
342
395
396
400
453
454
458
511
512
516
559
560
601
602
643
644
685
686
727
728
769
770
811
812
863
864
868
911
912
953
954
995
996
1037
1038
1079
1080
1121
1122
1163
1164
1215
1216
1220
1263
1264
1305
1306
1347
1348
1389
1390
1431
1432
1473
1474
1515
1516
1567
1568
1572
1615
1616
1657
1658
1699
1700
1741
1742
1783
1784
1825
1826
1867
1868
1919
1920
1924
1967
1968
2009
2010
2051
2052
2093
2094
2135
2136
2177
2178
2219
2220
2271
2272
2276
2319
2320
2361
2362
2403
2404
2445
2446
2487
2488
2529
2530
2571
2572
2623
2624
2628
2671
2672
2713
2714
2755
2756
2797
2798
2839
2840
2881
2882
2923
2924
39
40
104
162
220
278
336
394
452
510
862
1214
1566
1918
2270
2622
448
34
100
390
332
274
216
158
859
35
1915
1211
2267
507
2619
1563
101
1261
557
1613
909
1965
2317
2669
599
1655
2711
2007
951
1303
2359
159
1345
641
1697
993
2049
2401
2753
217
1035
1387
683
1739
2091
2443
2795
275
333
725
1781
1077
1429
2133
2485
2837
391
2527
767
1823
2879
2175
1119
1471
449
1865
1161
1513
809
2217
2569
2921
640
808
682
556
724
598
506
766
992
1160
1034
908
1076
950
858
1118
1344
1512
1386
1260
1428
1302
1210
1470
1696
1864
1738
1612
1780
1654
1562
1822
2048
2216
2090
1964
2132
2006
1914
2174
2400
2568
2442
2316
2484
2358
2266
2526
2752
2920
2794
2668
2836
2710
2618
2878
27
95
153
211
269
327
385
443
501
721
595
763
637
805
679
553
853
1073
947
1115
989
1157
1031
905
1205
1425
1299
1467
1341
1509
1383
1257
1557
1777
1651
1819
1693
1861
1735
1609
1909
2129
2003
2171
2045
2213
2087
1961
2261
2481
2355
2523
2397
2565
2439
2313
2613
2833
2707
2875
2749
2917
2791
2665
50
51
55
56
112
113
117
170
171
175
228
229
233
286
287
291
344
345
349
402
403
407
460
461
465
518
519
523
564
565
606
607
648
649
690
691
732
733
774
775
816
817
870
871
875
916
917
958
959
1000
1001
1042
1043
1084
1085
1126
1127
1168
1169
1222
1223
1227
1268
1269
1310
1311
1352
1353
1394
1395
1436
1437
1478
1479
1520
1521
1574
1575
1579
1620
1621
1662
1663
1704
1705
1746
1747
1788
1789
1830
1831
1872
1873
1926
1927
1931
1972
1973
2014
2015
2056
2057
2098
2099
2140
2141
2182
2183
2224
2225
2278
2279
2283
2324
2325
2366
2367
2408
2409
2450
2451
2492
2493
2534
2535
2576
2577
2630
2631
2635
2676
2677
2718
2719
2760
2761
2802
2803
2844
2845
2886
2887
2928
2929
48
49
111
169
227
285
343
401
459
517
869
1221
1573
1925
2277
2629
165
455
107
43
397
339
281
223
1218
514
866
1570
1922
2274
2626
44
108
562
1618
1266
914
1970
2322
2674
2716
166
956
2012
1308
2364
1660
604
224
1350
1702
646
998
2054
2406
2758
688
1040
1392
1744
2096
2448
2800
282
1786
1082
2138
1434
2490
340
730
2842
1124
1828
1476
772
2180
2532
2884
398
456
1518
1166
814
1870
2222
2574
2926
513
771
645
813
687
561
729
603
865
1123
997
1165
1039
913
1081
955
1217
1475
1349
1517
1391
1265
1433
1307
1569
1827
1701
1869
1743
1617
1785
1659
1921
2179
2053
2221
2095
1969
2137
2011
2273
2531
2405
2573
2447
2321
2489
2363
2625
2883
2757
2925
2799
2673
2841
2715
36
102
160
218
276
334
392
450
508
726
600
768
642
810
684
558
860
1078
952
1120
994
1162
1036
910
1212
1430
1304
1472
1346
1514
1388
1262
1564
1782
1656
1824
1698
1866
1740
1614
1916
2134
2008
2176
2050
2218
2092
1966
2268
2486
2360
2528
2402
2570
2444
2318
2620
2838
2712
2880
2754
2922
2796
2670
59
60
64
65
119
120
124
177
178
182
235
236
240
293
294
298
351
352
356
409
410
414
467
468
472
525
526
530
569
570
611
612
653
654
695
696
737
738
779
780
821
822
877
878
882
921
922
963
964
1005
1006
1047
1048
1089
1090
1131
1132
1173
1174
1229
1230
1234
1273
1274
1315
1316
1357
1358
1399
1400
1441
1442
1483
1484
1525
1526
1581
1582
1586
1625
1626
1667
1668
1709
1710
1751
1752
1793
1794
1835
1836
1877
1878
1933
1934
1938
1977
1978
2019
2020
2061
2062
2103
2104
2145
2146
2187
2188
2229
2230
2285
2286
2290
2329
2330
2371
2372
2413
2414
2455
2456
2497
2498
2539
2540
2581
2582
2637
2638
2642
2681
2682
2723
2724
2765
2766
2807
2808
2849
2850
2891
2892
2933
2934
57
58
118
176
234
292
350
408
466
524
876
1228
1580
1932
2284
2636
288
230
172
462
114
52
404
346
521
1225
873
1577
1929
2281
2633
53
567
1623
2679
1975
115
919
1271
2327
609
1665
961
1313
2017
2369
2721
173
231
1355
651
1003
1707
2059
2411
2763
289
1749
1045
1397
693
2101
2453
2805
2495
735
1791
2847
347
1087
2143
1439
777
1833
1481
1129
2185
2537
2889
405
463
1875
819
1171
1523
2227
2579
2931
608
520
776
650
818
692
566
734
960
872
1128
1002
1170
1044
918
1086
1312
1224
1480
1354
1522
1396
1270
1438
1664
1576
1832
1706
1874
1748
1622
1790
2016
1928
2184
2058
2226
2100
1974
2142
2368
2280
2536
2410
2578
2452
2326
2494
2720
2632
2888
2762
2930
2804
2678
2846
45
109
167
225
283
341
399
457
515
731
605
773
647
815
689
563
867
1083
957
1125
999
1167
1041
915
1219
1435
1309
1477
1351
1519
1393
1267
1571
1787
1661
1829
1703
1871
1745
1619
1923
2139
2013
2181
2055
2223
2097
1971
2275
2491
2365
2533
2407
2575
2449
2323
2627
2843
2717
2885
2759
2927
2801
2675
68
69
126
127
184
185
242
243
300
301
358
359
416
417
474
475
532
533
574
575
616
617
658
659
700
701
742
743
784
785
826
827
884
885
926
927
968
969
1010
1011
1052
1053
1094
1095
1136
1137
1178
1179
1236
1237
1278
1279
1320
1321
1362
1363
1404
1405
1446
1447
1488
1489
1530
1531
1588
1589
1630
1631
1672
1673
1714
1715
1756
1757
1798
1799
1840
1841
1882
1883
1940
1941
1982
1983
2024
2025
2066
2067
2108
2109
2150
2151
2192
2193
2234
2235
2292
2293
2334
2335
2376
2377
2418
2419
2460
2461
2502
2503
2544
2545
2586
2587
2644
2645
2686
2687
2728
2729
2770
2771
2812
2813
2854
2855
2896
2897
2938
2939
66
67
125
183
241
299
357
415
473
531
883
1235
1587
1939
2291
2643
353
295
237
179
469
121
411
61
528
1584
880
1232
1936
2288
2640
62
2684
1980
1276
2332
122
924
572
1628
1318
1670
966
614
2022
2374
2726
180
238
656
1008
1360
1712
2064
2416
2768
1050
2106
2810
296
1402
2458
698
1754
354
1796
740
1444
1092
2148
2500
2852
1838
1134
1486
782
2190
2542
2894
412
1528
2584
1880
2936
470
824
1176
2232
739
613
781
655
527
823
697
571
1091
965
1133
1007
879
1175
1049
923
1443
1317
1485
1359
1231
1527
1401
1275
1795
1669
1837
1711
1583
1879
1753
1627
2147
2021
2189
2063
1935
2231
2105
1979
2499
2373
2541
2415
2287
2583
2457
2331
2851
2725
2893
2767
2639
2935
2809
2683
54
116
174
232
290
348
406
464
522
736
610
778
652
820
694
568
874
1088
962
1130
1004
1172
1046
920
1226
1440
1314
1482
1356
1524
1398
1272
1578
1792
1666
1834
1708
1876
1750
1624
1930
2144
2018
2186
2060
2228
2102
1976
2282
2496
2370
2538
2412
2580
2454
2328
2634
2848
2722
2890
2764
2932
2806
2680
128
418
70
360
302
244
186
476
535
1591
2647
71
887
1943
1239
2295
577
129
929
1281
1633
1985
2337
2689
619
1323
1675
971
2027
2379
2731
187
1013
1365
245
661
1717
2069
2421
2773
1407
2463
303
1759
2815
1055
2111
703
1097
361
1449
745
1801
2153
2505
2857
419
787
1139
1491
1843
2195
2547
2899
477
2589
829
1885
2941
1181
2237
1533
576
744
618
786
660
534
828
702
928
1096
970
1138
1012
886
1180
1054
1280
1448
1322
1490
1364
1238
1532
1406
1632
1800
1674
1842
1716
1590
1884
1758
1984
2152
2026
2194
2068
1942
2236
2110
2336
2504
2378
2546
2420
2294
2588
2462
2688
2856
2730
2898
2772
2646
2940
2814
63
123
181
239
297
355
413
471
529
741
615
783
657
825
699
573
881
1093
967
1135
1009
1177
1051
925
1233
1445
1319
1487
1361
1529
1403
1277
1585
1797
1671
1839
1713
1881
1755
1629
1937
2149
2023
2191
2065
2233
2107
1981
2289
2501
2375
2543
2417
2585
2459
2333
2641
2853
2727
2895
2769
2937
2811
2685
72
130
188
246
304
362
420
478
536
746
620
788
662
830
704
578
888
1098
972
1140
1014
1182
1056
930
1240
1450
1324
1492
1366
1534
1408
1282
1592
1802
1676
1844
1718
1886
1760
1634
1944
2154
2028
2196
2070
2238
2112
1986
2296
2506
2380
2548
2422
2590
2464
2338
2648
2858
2732
2900
2774
2942
2816
2690
73
131
189
247
305
363
421
479
537
747
621
789
663
831
705
579
889
1099
973
1141
1015
1183
1057
931
1241
1451
1325
1493
1367
1535
1409
1283
1593
1803
1677
1845
1719
1887
1761
1635
1945
2155
2029
2197
2071
2239
2113
1987
2297
2507
2381
2549
2423
2591
2465
2339
2649
2859
2733
2901
2775
2943
2817
2691
2945
2946
2978
3003
3028
3053
3078
3103
3128
3153
3297
3441
3585
3729
3873
4017
2949
2950
2981
3006
3031
3056
3081
3106
3131
3156
3300
3444
3588
3732
3876
4020
2947
2948
2979
2980
3004
3005
3029
3030
3054
3055
3080
3079
3104
3105
3129
3130
3154
3155
3246
3247
3195
3196
3264
3263
3212
3213
3281
3280
3229
3230
3178
3179
3298
3299
3390
3391
3339
3340
3408
3407
3356
3357
3425
3424
3373
3374
3322
3323
3442
3443
3534
3535
3483
3484
3552
3551
3500
3501
3569
3568
3517
3518
3466
3467
3586
3587
3678
3679
3627
3628
3696
3695
3644
3645
3713
3712
3661
3662
3610
3611
3730
3731
3822
3823
3771
3772
3840
3839
3788
3789
3857
3856
3805
3806
3754
3755
3874
3875
3966
3967
3915
3916
3984
3983
3932
3933
4001
4000
3949
3950
3898
3899
4018
4019
4110
4111
4059
4060
4128
4127
4076
4077
4145
4144
4093
4094
4042
4043
2953
2954
2984
3009
3034
3059
3084
3109
3134
3159
3303
3447
3591
3735
3879
4023
2952
2951
2983
2982
3008
3007
3032
3033
3057
3058
3082
3083
3107
3108
3132
3133
3157
3158
3248
3249
3197
3198
3265
3266
3214
3215
3282
3283
3232
3231
3180
3181
3301
3302
3393
3392
3341
3342
3409
3410
3358
3359
3426
3427
3376
3375
3324
3325
3445
3446
3536
3537
3485
3486
3553
3554
3502
3503
3570
3571
3520
3519
3468
3469
3589
3590
3680
3681
3629
3630
3697
3698
3646
3647
3714
3715
3664
3663
3612
3613
3733
3734
3824
3825
3773
3774
3841
3842
3790
3791
3858
3859
3808
3807
3756
3757
3877
3878
3968
3969
3917
3918
3985
3986
3934
3935
4002
4003
3952
3951
3900
3901
4022
4021
4112
4113
4061
4062
4129
4130
4078
4079
4146
4147
4096
4095
4044
4045
2957
2958
2987
3012
3037
3062
3087
3112
3137
3162
3306
3450
3594
3738
3882
4026
2956
2955
2985
2986
3010
3011
3035
3036
3061
3060
3085
3086
3110
3111
3136
3135
3160
3161
3250
3251
3200
3199
3267
3268
3216
3217
3284
3285
3233
3234
3182
3183
3304
3305
3394
3395
3344
3343
3411
3412
3360
3361
3428
3429
3377
3378
3326
3327
3448
3449
3538
3539
3488
3487
3555
3556
3504
3505
3572
3573
3521
3522
3470
3471
3592
3593
3682
3683
3632
3631
3699
3700
3648
3649
3716
3717
3665
3666
3614
3615
3736
3737
3826
3827
3775
3776
3843
3844
3792
3793
3860
3861
3809
3810
3758
3759
3880
3881
3970
3971
3920
3919
3987
3988
3936
3937
4004
4005
3953
3954
3902
3903
4024
4025
4114
4115
4064
4063
4131
4132
4080
4081
4148
4149
4097
4098
4046
4047
2961
2962
2990
3015
3040
3065
3090
3115
3140
3165
3309
3453
3597
3741
3885
4029
2960
2959
2988
2989
3013
3014
3038
3039
3064
3063
3088
3089
3113
3114
3138
3139
3163
3164
3252
3253
3201
3202
3269
3270
3218
3219
3287
3286
3235
3236
3184
3185
3308
3307
3396
3397
3345
3346
3413
3414
3362
3363
3431
3430
3379
3380
3328
3329
3451
3452
3540
3541
3489
3490
3557
3558
3506
3507
3575
3574
3523
3524
3472
3473
3595
3596
3684
3685
3633
3634
3701
3702
3650
3651
3719
3718
3667
3668
3616
3617
3739
3740
3828
3829
3777
3778
3845
3846
3794
3795
3863
3862
3811
3812
3760
3761
3883
3884
3972
3973
3921
3922
3989
3990
3938
3939
4007
4006
3955
3956
3904
3905
4028
4027
4116
4117
4065
4066
4133
4134
4082
4083
4151
4150
4099
4100
4048
4049
2965
2966
2993
3018
3043
3068
3093
3118
3143
3168
3312
3456
3600
3744
3888
4032
2963
2964
2992
2991
3016
3017
3041
3042
3067
3066
3091
3092
3116
3117
3141
3142
3166
3167
3254
3255
3203
3204
3272
3271
3220
3221
3288
3289
3238
3237
3186
3187
3310
3311
3398
3399
3347
3348
3416
3415
3365
3364
3432
3433
3382
3381
3330
3331
3454
3455
3542
3543
3491
3492
3560
3559
3508
3509
3576
3577
3525
3526
3474
3475
3598
3599
3686
3687
3635
3636
3704
3703
3653
3652
3720
3721
3670
3669
3618
3619
3742
3743
3830
3831
3779
3780
3848
3847
3796
3797
3864
3865
3814
3813
3762
3763
3886
3887
3974
3975
3923
3924
3992
3991
3940
3941
4008
4009
3958
3957
3906
3907
4030
4031
4118
4119
4067
4068
4136
4135
4084
4085
4152
4153
4101
4102
4050
4051
2969
2970
2996
3021
3046
3071
3096
3121
3146
3171
3315
3459
3603
3747
3891
4035
2968
2967
2994
2995
3019
3020
3044
3045
3069
3070
3094
3095
3120
3119
3144
3145
3170
3169
3256
3257
3205
3206
3273
3274
3222
3223
3290
3291
3240
3239
3189
3188
3314
3313
3400
3401
3349
3350
3417
3418
3366
3367
3434
3435
3384
3383
3333
3332
3458
3457
3544
3545
3493
3494
3561
3562
3510
3511
3578
3579
3528
3527
3476
3477
3602
3601
3688
3689
3637
3638
3705
3706
3654
3655
3722
3723
3672
3671
3621
3620
3746
3745
3832
3833
3781
3782
3849
3850
3798
3799
3866
3867
3816
3815
3764
3765
3890
3889
3976
3977
3925
3926
3993
3994
3942
3943
4010
4011
3960
3959
3909
3908
4034
4033
4120
4121
4069
4070
4137
4138
4086
4087
4154
4155
4104
4103
4053
4052
2973
2974
2999
3024
3049
3074
3099
3124
3149
3174
3318
3462
3606
3750
3894
4038
2971
2972
2997
2998
3022
3023
3048
3047
3073
3072
3097
3098
3122
3123
3147
3148
3172
3173
3258
3259
3208
3207
3276
3275
3224
3225
3292
3293
3241
3242
3190
3191
3316
3317
3403
3402
3352
3351
3419
3420
3368
3369
3436
3437
3385
3386
3334
3335
3460
3461
3546
3547
3496
3495
3564
3563
3512
3513
3580
3581
3529
3530
3478
3479
3604
3605
3691
3690
3640
3639
3708
3707
3656
3657
3724
3725
3673
3674
3622
3623
3748
3749
3835
3834
3784
3783
3851
3852
3800
3801
3868
3869
3817
3818
3766
3767
3892
3893
3979
3978
3928
3927
3996
3995
3944
3945
4012
4013
3961
3962
3910
3911
4036
4037
4123
4122
4072
4071
4139
4140
4088
4089
4156
4157
4105
4106
4054
4055
2976
2975
3000
3001
3025
3026
3050
3051
3075
3076
3100
3101
3125
3126
3150
3151
3176
3175
3260
3261
3209
3210
3277
3278
3226
3227
3295
3294
3243
3244
3192
3193
3320
3319
3404
3405
3353
3354
3421
3422
3370
3371
3439
3438
3387
3388
3336
3337
3464
3463
3548
3549
3497
3498
3565
3566
3514
3515
3583
3582
3531
3532
3480
3481
3608
3607
3692
3693
3641
3642
3709
3710
3658
3659
3727
3726
3675
3676
3624
3625
3752
3751
3836
3837
3785
3786
3853
3854
3802
3803
3871
3870
3819
3820
3768
3769
3896
3895
3980
3981
3929
3930
3997
3998
3946
3947
4015
4014
3963
3964
3912
3913
4040
4039
4124
4125
4073
4074
4141
4142
4090
4091
4159
4158
4107
4108
4056
4057
2944
2977
3002
3027
3052
3077
3102
3127
3152
3245
3194
3262
3211
3279
3228
3177
3296
3389
3338
3406
3355
3423
3372
3321
3440
3533
3482
3550
3499
3567
3516
3465
3584
3677
3626
3694
3643
3711
3660
3609
3728
3821
3770
3838
3787
3855
3804
3753
3872
3965
3914
3982
3931
3999
3948
3897
4016
4109
4058
4126
4075
4143
4092
4041
