23
32
76
85
125
134
174
183
223
232
235
237
239
241
243
245
247
249
300
309
312
314
316
318
320
322
324
326
373
382
385
387
389
391
393
395
397
399
446
455
458
460
462
464
466
468
470
472
523
532
535
537
539
541
543
545
547
549
600
609
612
614
616
618
620
622
624
626
673
682
685
687
689
691
693
695
697
699
746
755
758
760
762
764
766
768
770
772
823
832
835
837
839
841
843
845
847
849
885
910
919
922
924
926
928
930
932
934
936
968
993
1002
1005
1007
1009
1011
1013
1015
1017
1019
1051
1076
1085
1088
1090
1092
1094
1096
1098
1100
1102
1134
24
33
77
86
126
135
175
184
224
233
301
310
374
383
447
456
524
533
601
610
674
683
747
756
824
833
911
920
994
1003
1077
1086
5
6
14
15
19
20
26
28
30
40
41
48
49
53
55
60
61
67
68
72
73
79
81
83
91
92
97
98
102
104
109
110
116
117
121
122
128
130
132
140
141
146
147
151
153
158
159
165
166
170
171
177
179
181
189
190
195
196
200
202
207
208
214
215
219
220
226
228
230
256
257
264
265
269
270
273
274
277
279
281
283
286
287
291
292
296
297
303
305
307
331
332
337
338
342
343
346
347
350
352
354
356
359
360
364
365
369
370
376
378
380
404
405
410
411
415
416
419
420
423
425
427
429
432
433
437
438
442
443
449
451
453
477
478
483
484
488
489
492
493
496
498
500
502
507
508
514
515
519
520
526
528
530
556
557
564
565
569
570
573
574
577
579
581
583
586
587
591
592
596
597
603
605
607
631
632
637
638
642
643
646
647
650
652
654
656
659
660
664
665
669
670
676
678
680
704
705
710
711
715
716
719
720
723
725
727
729
732
733
737
738
742
743
749
751
753
777
778
783
784
788
789
792
793
796
798
800
802
807
808
814
815
819
820
826
828
830
856
857
864
865
869
870
873
874
877
879
881
883
887
889
896
897
901
902
906
907
913
915
917
941
942
947
948
952
953
956
957
960
962
964
966
970
972
979
980
984
985
989
990
996
998
1000
1024
1025
1030
1031
1035
1036
1039
1040
1043
1045
1047
1049
1053
1055
1062
1063
1067
1068
1072
1073
1079
1081
1083
1107
1108
1113
1114
1118
1119
1122
1123
1126
1128
1130
1132
1136
1138
0
1
3
209
809
509
7
1145
2
4
8
161
112
63
1146
9
1147
1148
10
12
16
816
516
216
1149
11
13
168
17
70
119
1150
18
1152
1151
21
1144
22
25
1156
27
1153
1154
29
1157
31
34
1159
1161
35
36
38
1158
42
50
1163
37
39
192
43
94
143
1164
44
1166
1165
54
1162
45
46
47
51
100
149
198
1168
52
1169
1170
56
1167
57
58
59
288
898
588
62
1174
64
1176
1175
65
66
593
293
69
903
1177
71
1179
1178
74
1173
75
80
1180
78
1181
1183
82
1184
84
87
1186
1188
88
89
90
1185
99
93
1190
95
1192
1191
103
1189
96
101
1194
1195
105
1193
106
107
108
981
361
661
111
1199
113
1201
1200
114
115
986
366
118
666
1202
120
1204
1203
123
1198
124
129
1205
127
1206
1208
131
1209
133
136
1211
1213
137
138
139
1210
148
142
1215
144
1217
1216
152
1214
145
150
1219
1220
154
1218
155
156
157
160
434
1064
734
1224
162
1226
1225
163
164
439
739
1069
167
1227
169
1228
1229
172
1223
173
176
1233
178
1230
1231
180
1234
182
185
1236
1238
186
187
188
1235
197
191
1240
193
1242
1241
201
1239
194
199
1244
1245
203
1243
204
205
206
289
210
435
362
1249
211
1251
1250
212
213
440
217
294
367
1252
218
1253
1254
221
1248
222
225
1258
227
1256
1255
236
229
1259
242
1257
238
1155
231
244
1267
240
1265
234
1261
1263
248
1160
280
1172
278
1171
1266
246
1262
250
1269
1270
251
252
254
1260
258
266
1273
253
255
480
259
334
407
1274
260
1275
1276
271
1272
272
1281
282
1282
1285
261
262
263
267
340
413
486
1278
268
1280
1279
275
1277
276
1283
1268
284
1284
1286
285
290
1290
1291
295
1292
1293
298
1289
299
304
1294
302
1295
1297
306
1298
313
308
315
1182
319
1296
311
1300
1302
317
1304
321
1306
353
1197
325
1187
351
1196
1305
323
1301
327
1308
1309
328
329
330
1299
339
333
1312
335
1313
1314
344
1311
345
1318
355
1322
1319
336
341
1317
1316
348
1315
349
1320
1307
357
1321
1323
358
363
1328
1327
368
1329
1330
371
1326
372
377
1331
375
1332
1334
379
1335
386
381
392
1333
388
1207
384
1337
1339
394
1343
390
1341
396
1338
424
1221
426
1222
398
1212
1342
400
1345
1346
401
402
403
1336
412
406
1349
408
1350
1351
417
1348
418
1355
428
1356
1359
409
414
1353
1354
421
1352
422
1357
1344
430
1360
1358
431
436
1364
1365
441
1366
1367
444
1363
445
448
1371
450
1368
1369
459
452
1372
465
1370
461
1232
454
467
1380
463
1378
457
1374
1376
497
1246
499
1247
471
1379
1237
469
1375
473
1382
1383
474
475
476
1373
485
479
1386
481
1387
1388
490
1385
491
1392
501
1393
1396
482
487
1390
1391
494
1389
495
1394
1381
503
1395
1397
504
505
506
662
589
510
735
1401
511
1402
1403
512
513
594
667
740
517
1404
518
1405
1406
521
1400
522
525
1410
527
1408
1407
536
529
1411
538
1264
542
1409
531
540
1417
544
1419
534
1413
1415
578
1287
548
1271
580
1288
1418
546
1414
550
1421
1422
551
552
554
1412
566
558
1425
553
555
634
707
780
559
1426
560
1428
1427
571
1424
572
1433
582
1434
1437
561
562
563
640
713
786
567
1430
568
1432
1431
575
1429
576
1435
1420
584
1436
1438
585
590
1442
1443
595
1444
1445
598
1441
599
602
1449
604
1446
1447
613
606
1450
619
1448
615
1303
608
621
1458
617
1456
611
1452
1454
625
1310
651
1324
653
1325
1457
623
1453
627
1460
1461
628
629
630
1451
633
639
1464
635
1465
1466
644
1463
645
1470
655
1474
1471
636
641
1468
1469
648
1467
649
1472
1459
657
1473
1475
658
663
1480
1479
668
1481
1482
671
1478
672
675
1486
677
1483
1484
686
679
1487
688
1340
692
1485
681
690
1493
694
1495
684
1489
1491
698
1347
724
1361
726
1362
1494
696
1490
700
1498
1497
701
702
703
1488
712
706
1501
708
1502
1503
717
1500
718
1507
728
1508
1511
709
714
1506
1505
721
1504
722
1509
1496
730
1512
1510
731
736
1517
1516
741
1518
1519
744
1515
745
748
1523
750
1521
1520
759
752
1524
761
1377
765
1522
754
763
1530
767
1532
757
1526
1528
771
1384
797
1398
799
1399
1531
769
1527
773
1534
1535
774
775
776
1525
785
779
1538
781
1539
1540
790
1537
791
1544
801
1545
1548
782
787
1542
1543
794
1541
795
1546
1533
803
1547
1549
804
805
806
1065
810
899
982
1553
811
1554
1555
812
813
904
817
987
1070
1556
818
1557
1558
821
1552
822
825
1562
827
1560
1559
836
829
1563
842
1561
894
838
1568
1416
831
844
1571
840
1569
834
1565
1567
848
1423
880
1440
878
1439
1570
846
1566
850
1574
1573
893
886
1575
851
852
854
1564
858
866
1577
853
855
944
1027
859
1110
1578
860
1579
1580
871
1576
872
1585
882
1586
1589
888
1591
891
1594
861
862
863
1033
867
1116
950
1582
868
1584
1583
875
1581
876
1587
1572
884
1588
1590
890
1592
1593
892
1595
895
900
1597
1598
905
1600
1599
908
1596
909
912
1604
914
1601
1602
923
916
1605
929
1603
977
925
1455
1610
918
931
1613
927
1611
921
1607
1609
961
1476
963
1477
935
1612
1462
933
1608
937
1616
1615
976
969
1617
938
939
940
1606
949
943
1619
945
1620
1621
954
1618
955
1625
965
1626
1629
971
1631
974
1634
946
951
1624
1623
958
1622
959
1627
1614
967
1628
1630
973
1632
1633
975
1635
978
983
1637
1638
988
1640
1639
991
1636
992
995
1644
997
1641
1642
1006
999
1645
1008
1492
1012
1643
1060
1650
1001
1010
1651
1014
1653
1004
1647
1649
1018
1499
1044
1513
1046
1514
1652
1016
1648
1020
1656
1655
1059
1052
1657
1021
1022
1023
1646
1032
1026
1659
1028
1661
1660
1037
1658
1038
1665
1048
1666
1669
1054
1671
1057
1674
1029
1034
1664
1663
1041
1662
1042
1667
1654
1050
1668
1670
1056
1672
1673
1058
1675
1061
1066
1677
1678
1071
1680
1679
1074
1676
1075
1080
1681
1078
1682
1684
1082
1685
1089
1084
1091
1529
1143
1095
1690
1683
1087
1687
1689
1093
1691
1097
1693
1129
1551
1101
1536
1127
1550
1692
1099
1688
1103
1696
1695
1142
1135
1697
1104
1105
1106
1686
1115
1109
1699
1111
1700
1701
1120
1698
1121
1705
1131
1706
1709
1137
1711
1140
1714
1112
1117
1704
1703
1124
1702
1125
1707
1694
1133
1708
1710
1139
1712
1713
1141
1715
